6.895990683691842760e-01
6.798181968416486809e-01
6.536026477813721147e-01
5.971213776043483579e-01
5.137128063610622020e-01
4.271995318617139437e-01
3.704175034931727617e-01
3.430409508092062687e-01
3.296427119970321562e-01
3.218886244126728524e-01
3.161798125505447254e-01
3.116664835555212898e-01
3.076452193260192924e-01
3.040329374245234750e-01
3.007367751513208565e-01
2.974535276378904025e-01
2.944917672957692578e-01
2.917720010110310125e-01
2.889714688829013167e-01
2.864613984227180610e-01
2.840447656767708939e-01
2.815152631316866216e-01
2.793469015359878460e-01
2.770734978743961685e-01
2.749122862815857049e-01
2.727257479173796351e-01
2.705229561499186697e-01
2.688322103108678474e-01
2.669505013908658464e-01
2.649712442415101399e-01
2.631793091978345545e-01
2.615434032763753747e-01
2.598348433715956807e-01
2.581855330041476493e-01
2.564756509406225793e-01
2.550312301261084547e-01
2.534591872777257615e-01
2.518197454767567844e-01
2.503606506415775868e-01
2.489027539406503953e-01
2.475156185286385702e-01
2.461437011275972586e-01
2.446348682216235582e-01
2.433707701478685648e-01
2.419774542621203894e-01
2.406761835132326388e-01
2.393943975823266124e-01
2.381587532162666443e-01
2.368427411062376808e-01
2.354905485553400735e-01
2.342241747719900902e-01
2.329558972716331555e-01
2.317123518501009172e-01
2.303709859166826468e-01
2.292478114025933433e-01
2.279529131225177252e-01
2.268589648093496114e-01
2.255392568196569192e-01
2.242433272515024500e-01
2.231105293290955582e-01
2.218868473342486825e-01
2.207544131789888620e-01
2.193917385850633894e-01
2.182622918571744675e-01
2.170284872587238123e-01
2.158023676063333118e-01
2.146369877117020875e-01
2.133616884095328181e-01
2.121785888757024563e-01
2.109856513951506030e-01
2.096931582348687262e-01
2.083348227611609982e-01
2.071888858931405231e-01
2.059546723323208983e-01
2.046828199284417282e-01
2.035066103807517401e-01
2.020190244061606244e-01
2.008086379127843046e-01
1.994444093363625659e-01
1.981571148804255889e-01
1.967851490591253638e-01
1.954385191031864644e-01
1.940926791088921632e-01
1.927242206718240425e-01
1.913631170690059669e-01
1.900308599514620722e-01
1.886118395115647939e-01
1.871489748060703173e-01
1.857480009623936335e-01
1.842440380624362495e-01
1.828367837412016861e-01
1.813108914366790281e-01
1.797447571733168104e-01
1.782479845796312579e-01
1.767299564353057295e-01
1.752558504470757006e-01
1.736415327766111794e-01
1.720359073451587228e-01
1.706546198470251796e-01
1.689327465806688688e-01
1.674551393176827996e-01
1.658015132141964776e-01
1.643821338883467986e-01
1.626805315273148755e-01
1.612694533041545419e-01
1.596547593921422981e-01
1.580048071954931466e-01
1.565365335983889550e-01
1.549079584798642439e-01
1.533046923705509712e-01
1.516536872897829291e-01
1.502517266912119787e-01
1.486436966636351109e-01
1.470413383117743777e-01
1.454552208227770649e-01
1.439801322392054994e-01
1.424576503826039120e-01
1.408784758129290049e-01
1.393114993444510841e-01
1.378291373316730684e-01
1.365454760406698553e-01
1.350622424249138254e-01
1.334414622474993928e-01
1.320568149132387847e-01
1.306411798670887858e-01
1.290544453092983823e-01
1.276269617527723277e-01
1.264179025430764436e-01
1.250760913831847065e-01
1.234853799045085854e-01
1.222791121048586727e-01
1.208570957545723190e-01
1.195787865902696312e-01
1.185249513387680032e-01
1.172122001616018178e-01
1.158241351896098642e-01
1.144575716682842831e-01
1.133896357693842533e-01
1.120063346219914296e-01
1.110300783983298734e-01
1.097017001413873316e-01
1.088452735500676227e-01
1.077113597627196995e-01
1.063355169785874244e-01
1.051470300576516498e-01
1.041702743640967738e-01
1.030922683195343997e-01
1.018507478120071613e-01
1.008918549610035714e-01
9.972487403665269978e-02
9.865437773615122474e-02
9.767233891359397568e-02
9.668878681851285350e-02
9.585503686964512438e-02
9.472395178888524947e-02
9.363183728286197938e-02
9.243248557831559853e-02
9.184674002123729974e-02
9.088946302660873278e-02
8.989049646364791202e-02
8.906072673095123682e-02
8.836331789301973827e-02
8.719811052882245339e-02
8.629537249675818533e-02
8.556242316375885226e-02
8.479116686007806547e-02
8.362390922009944882e-02
8.311748578612293548e-02
8.221416430601051484e-02
8.140050430436220064e-02
8.072191278104270951e-02
7.982589255166905318e-02
7.916388140033397969e-02
7.832142104580998299e-02
7.773886706201094121e-02
7.692981204816273788e-02
7.611396643732275258e-02
7.555033393949270315e-02
7.463276892687592534e-02
7.413142384854810862e-02
7.346664796130997210e-02
7.269950426582778846e-02
7.213593083194323741e-02
7.139667722369943959e-02
7.080639373511075918e-02
7.012230700520533100e-02
6.957741434073873299e-02
6.907066744885274889e-02
6.838641394408685736e-02
6.772215772207294815e-02
6.727947897410818667e-02
6.677648502481835224e-02
6.606541060496654016e-02
6.565155555334474535e-02
6.505041543287889971e-02
6.460409570219260988e-02
6.404051785171031852e-02
6.347896708388413300e-02
6.279146718766008550e-02
6.246004599359418485e-02
6.201935656288904558e-02
6.146606357342430244e-02
6.092212636396288766e-02
6.053409441693553134e-02
5.999418571644595660e-02
5.967059754207730549e-02
5.918481081963649498e-02
5.853527322305100006e-02
5.817796641934130930e-02
5.768747662539992771e-02
5.724646548554301190e-02
5.708181335976613563e-02
5.665125733321266233e-02
5.631887821693505602e-02
5.566623001811759480e-02
5.519062223338654788e-02
5.475573399902454452e-02
5.424149564414151858e-02
5.388093667770070538e-02
5.375582664912300496e-02
5.339956828073731676e-02
5.314377432955162683e-02
5.246468165809554940e-02
5.195515225481774080e-02
5.199099429377487813e-02
5.142718846590391135e-02
5.098537567337708964e-02
5.074566377566329389e-02
5.018592337492321087e-02
4.988738573582044561e-02
4.963496091057147119e-02
4.955367550253868270e-02
4.921050067206046708e-02
4.865298367371516386e-02
4.840083054107214428e-02
4.802098916337958073e-02
4.789710824431053088e-02
4.750145069483135279e-02
4.736521454687629695e-02
4.699128324511860078e-02
4.642438886115061308e-02
4.639485086660299906e-02
4.587536007112690689e-02
4.560166202339210884e-02
4.541873418646199395e-02
4.520364137033798524e-02
4.485928122193685863e-02
4.444566192291676821e-02
4.433756225622658559e-02
4.378823659489197717e-02
4.389304707651691534e-02
4.327398315697376235e-02
4.322900147804258769e-02
4.299633916839957354e-02
4.251586903990911548e-02
4.234926762564906327e-02
4.203979023040405050e-02
4.166261713246682125e-02
4.118734761966126590e-02
4.139701313725007575e-02
4.087395099350916300e-02
4.072500272401209653e-02
4.038420840060072403e-02
3.998400598604764239e-02
3.993480327233139837e-02
3.960527424145091069e-02
3.910606088130069713e-02
3.922557734298919019e-02
3.895987156272998769e-02
3.844335386210254168e-02
3.829366336390375991e-02
3.814825555482612846e-02
3.785552501119673202e-02
3.775271311535367130e-02
3.743282252762998585e-02
3.728299194414700507e-02
3.696739353425800706e-02
3.669715924867029966e-02
3.654198745651436597e-02
3.631885012718183425e-02
3.608671081837799138e-02
3.578156967906813424e-02
3.552413604089191962e-02
3.517876832506486307e-02
3.505273928646264470e-02
3.494631918070705001e-02
3.463423028235722984e-02
3.439960005659876280e-02
3.434808499598875769e-02
3.394069194198320177e-02
3.371005460866061815e-02
3.375397303434354845e-02
3.322928303027791741e-02
3.299585037558738776e-02
3.301342147974563324e-02
3.287482117848204710e-02
3.262866534485614478e-02
3.247068144480830948e-02
3.214396211025970229e-02
3.193346290752691052e-02
3.179684495347152862e-02
3.131888236624321559e-02
3.121318817830511655e-02
3.132047153759880825e-02
3.085111442953348063e-02
3.078633097319730810e-02
3.071076981270952008e-02
3.060047091144536130e-02
3.022259601425113587e-02
3.005086447750883460e-02
2.990373858157545361e-02
2.984928297337943043e-02
2.949996934325567477e-02
2.935095391728516009e-02
2.912614587029176139e-02
2.908118098136037652e-02
2.891220779045085981e-02
2.874176255048119591e-02
2.863186517750312271e-02
2.869918230372214829e-02
2.811942594977361737e-02
2.815125452281375118e-02
2.802439775085076648e-02
2.786045594879292889e-02
2.759838082330368092e-02
2.731002308228718325e-02
2.732886098488233884e-02
2.721650028348501088e-02
2.711997632053680593e-02
2.676646384184381763e-02
2.689038770160238553e-02
2.647649710824979269e-02
2.653278057962389982e-02
2.631696271976189869e-02
2.606271191932527098e-02
2.597303095267021120e-02
2.594248036308480221e-02
2.562106771129349717e-02
2.556767438910901441e-02
2.538217586064378528e-02
2.526583048714590995e-02
2.507390422161136223e-02
2.504640902206301672e-02
2.477991981947395492e-02
2.464378951413423793e-02
2.453112259806532885e-02
2.423509190693896864e-02
2.438816366457779647e-02
2.408070930745452587e-02
2.388336512313357293e-02
2.390882555135924806e-02
2.374521102659803498e-02
2.371479770953633867e-02
2.363745973006423085e-02
2.343783502350561473e-02
2.332666886617828714e-02
2.322058308703292551e-02
2.307165834088144643e-02
2.292610581388829921e-02
2.277097639454794820e-02
2.252505006774195573e-02
2.253054106215547289e-02
2.238376773148775117e-02
2.231342515467466675e-02
2.233244661956892627e-02
2.213237930119170763e-02
2.195499530131928695e-02
2.172957210635234268e-02
2.169263945925714587e-02
2.162109277942883198e-02
2.138250297364512748e-02
2.143728888633527827e-02
2.117243714251422493e-02
2.116429854949404207e-02
2.112336074198330194e-02
2.101177751113261424e-02
2.078892025517831837e-02
2.052159458432080419e-02
2.069958780280181307e-02
2.055628474741907907e-02
2.040145422145724433e-02
2.023305325815454025e-02
2.030551844396229211e-02
2.006227839319035464e-02
2.001675069516724303e-02
1.991160203050822142e-02
1.984086581645533309e-02
1.965349262796475469e-02
1.966597787194353242e-02
1.949428747181913835e-02
1.937128719780594269e-02
1.931396253746268943e-02
1.909578567212780187e-02
1.908352363109588543e-02
1.894793475705331895e-02
1.893691194952199647e-02
1.885318568861112098e-02
1.868515935879466738e-02
1.857794920601216898e-02
1.838344927255197367e-02
1.840514413772949276e-02
1.832278540544211853e-02
1.813445983447932799e-02
1.812263766566424641e-02
1.802260558846007638e-02
1.790677236945235201e-02
1.776276339535667881e-02
1.782681202712202775e-02
1.758597308503729792e-02
1.747972545094255911e-02
1.753082875496641407e-02
1.739256778016819507e-02
1.733506224863231096e-02
1.725482178845309800e-02
1.709268566472123274e-02
1.699360342656395378e-02
1.694634615939243430e-02
1.700892006837030970e-02
1.701241397794469104e-02
1.667131745826918796e-02
1.661306253268516470e-02
1.654731147683092402e-02
1.628289026371203263e-02
1.642935629169057360e-02
1.626709434822467756e-02
1.612241733948966207e-02
1.601787413894531498e-02
1.609540032834878842e-02
1.578299532730930571e-02
1.587386771610805117e-02
1.570663707798978723e-02
1.583061484609996766e-02
1.559731605314716198e-02
1.555454030839194084e-02
1.550500873192712376e-02
1.536834222497418523e-02
1.527181521197780965e-02
1.512438643091757427e-02
1.528681224765854677e-02
1.511464726775219383e-02
1.497141147476421449e-02
1.487702224090961534e-02
1.484102443660542843e-02
1.485813124580974073e-02
1.472580887641691122e-02
1.460138260815957781e-02
1.443958511339899636e-02
1.451776861156603080e-02
1.428152002823272933e-02
1.443254243635705598e-02
1.431919334286690763e-02
1.411889370886742004e-02
1.407419225784750476e-02
1.389886557608510306e-02
1.389510293434640179e-02
1.372713578805061403e-02
1.386133283795788936e-02
1.367451414307912019e-02
1.363564255401225958e-02
1.358325893471815787e-02
1.346317813701794659e-02
1.329838601659451280e-02
1.334697824508683517e-02
1.326997059125486524e-02
1.318877076778361343e-02
1.298047578649129744e-02
1.307440080196829550e-02
1.289389455198709442e-02
1.294177213921544195e-02
1.282399638071988861e-02
1.275116186412716610e-02
1.283826045879894566e-02
1.261050517098712132e-02
1.261857411237100879e-02
1.247120327016870873e-02
1.243558627047709059e-02
1.243303603004564453e-02
1.237887632823549133e-02
1.223954604892060240e-02
1.218321081686631925e-02
1.202907814455102253e-02
1.199850416447900692e-02
1.194259248199939193e-02
1.185469965314093523e-02
1.184386299902273794e-02
1.178163325149632519e-02
1.182050704498708790e-02
1.166648769598188119e-02
1.159998205579384871e-02
1.148917787628514486e-02
1.149530589873237231e-02
1.136542253608682253e-02
1.130888115581391191e-02
1.115300628285123379e-02
1.129063783341553023e-02
1.111300355039254208e-02
1.108997448103036729e-02
1.103092524881607757e-02
1.096997093720295142e-02
1.084454305445875164e-02
1.084562810727428446e-02
1.073604431723444025e-02
1.059983980130138094e-02
1.069107370452755841e-02
1.057805397039711728e-02
1.049672980542527487e-02
1.045252123121671178e-02
1.038528862573522352e-02
1.029938898750281523e-02
1.020925193588066368e-02
1.017163074777012628e-02
1.015614108310546743e-02
1.007727887912187800e-02
1.006142576632555567e-02
9.839479243815211010e-03
9.944083232648804130e-03
9.842874713233739151e-03
9.782935559956448812e-03
9.732787979683573537e-03
9.604345752159133831e-03
9.626687904229453557e-03
9.460773297818378044e-03
9.526961556369704237e-03
9.439912621597094933e-03
9.407562217076441413e-03
9.165101404268561486e-03
9.263246192309972787e-03
9.212716634297976256e-03
9.174573732872627271e-03
9.172599434869230933e-03
8.979643725856606418e-03
9.048002580513379856e-03
8.965809794525349957e-03
8.815939723925631313e-03
8.791266045341866384e-03
8.766182559284581288e-03
8.741616678740163696e-03
8.663007406840084537e-03
8.613753891516742409e-03
8.537787316990683509e-03
8.513780636405239577e-03
8.442249440311570818e-03
8.386446174899381961e-03
8.338621193750960642e-03
8.330053267397618394e-03
8.278572411334608402e-03
8.140529908813603013e-03
8.130052657515209405e-03
8.077244857126580566e-03
7.977557854901532949e-03
7.959849512046535125e-03
7.901453245123516225e-03
7.830022754575890337e-03
7.865442445019393131e-03
7.725434134710147324e-03
7.814956941267674553e-03
7.683646405963892416e-03
7.771851255317285302e-03
7.643857766973918832e-03
7.563440516848848709e-03
7.553492461888319451e-03
7.454759027563600746e-03
7.512042518630291515e-03
7.374000377379291357e-03
7.367726695715516236e-03
7.313147113575333910e-03
7.157883892696450916e-03
7.314818465171681397e-03
7.181592844530574477e-03
7.143179762535770139e-03
7.133940773167913446e-03
6.976529353996738583e-03
7.059978350992813546e-03
6.947012965093432926e-03
6.858603615821006610e-03
6.914483002162472372e-03
6.841583549244595157e-03
6.834249967601084032e-03
6.696270860960274254e-03
6.695716633251452138e-03
6.696258930015444068e-03
6.641802738262672819e-03
6.574663247239576590e-03
6.554431037719561301e-03
6.509543185966321782e-03
6.421241139223899178e-03
6.390315243966012901e-03
6.403205655215840272e-03
6.394923475554346176e-03
6.316233014471695634e-03
6.223965484553316448e-03
6.196283483855950444e-03
6.135068095197701750e-03
6.068749884975009959e-03
6.196188637772658513e-03
6.152125409883280570e-03
6.076936622096192064e-03
6.041065477335775917e-03
5.946373039889814999e-03
5.940159229071079357e-03
5.884039886412210756e-03
5.861823752888344931e-03
5.899987090731883578e-03
5.789526191984935462e-03
5.739715304525036532e-03
5.785637429680459340e-03
5.720222950971219807e-03
5.665343027753156312e-03
5.612706113006944372e-03
5.644417795219592096e-03
5.561204506421096178e-03
5.569722299075302759e-03
5.468702725895647175e-03
5.503233922666238287e-03
5.446471186516906558e-03
5.467454586442077255e-03
5.402477797439911994e-03
5.320123769294046387e-03
5.301710103073024351e-03
5.201423811092224792e-03
5.188539405257740385e-03
5.320254734723545847e-03
5.168947587149367445e-03
5.175879661234960433e-03
5.092280109317341014e-03
5.083709536407176113e-03
5.048644447520408453e-03
4.978885353172830125e-03
5.006151024035976685e-03
4.942565260904042621e-03
5.006701149842618902e-03
4.915478626472446870e-03
4.901492176382037796e-03
4.832708132416882810e-03
4.843591163119916401e-03
4.821664558297405513e-03
4.720876849285559999e-03
4.735018986293913421e-03
4.758174021029844963e-03
4.721631888262761527e-03
4.682385474547377802e-03
4.659820944432535063e-03
4.582554320700832177e-03
4.581893347326383009e-03
4.535115413301224994e-03
4.523366391132835340e-03
4.517674004821726520e-03
4.475780847889836850e-03
4.409729130643037440e-03
4.398725293566323191e-03
4.430634300852294601e-03
4.378542779633010085e-03
4.350844950110643351e-03
4.299750903906118110e-03
4.237637939388930186e-03
4.265776169363692111e-03
4.164720686530926953e-03
4.258374783713536442e-03
4.190501470163456033e-03
4.097006237254910421e-03
4.135036011332496493e-03
4.144595845325966393e-03
4.082470287422308546e-03
4.063672284370633755e-03
4.063876216121050863e-03
3.969725154115232198e-03
4.029715625596248969e-03
3.985822329018056699e-03
3.972190329621038372e-03
3.830943216859720567e-03
3.981984860122923450e-03
3.949044374471538492e-03
3.881617121969091911e-03
3.836522279843588169e-03
3.808166515533230236e-03
3.825191681545610234e-03
3.773847700140322767e-03
3.737470390694008077e-03
3.747310166951917359e-03
3.731686183601725954e-03
3.672930099201039342e-03
3.643377805719085361e-03
3.618600505133664526e-03
3.567196456860724074e-03
3.573943673244294947e-03
3.666022507963394555e-03
3.519128221095472932e-03
3.564570824497163230e-03
3.545888752582998602e-03
3.497631562471464547e-03
3.444603272774007449e-03
3.466161582067537987e-03
3.328114525901582771e-03
3.360134314124089885e-03
3.407463579398089300e-03
3.361008638720834867e-03
3.343076708046802559e-03
3.294181120132894276e-03
3.316814736807178164e-03
3.319077293280445640e-03
3.298121481171879896e-03
3.280059749097355426e-03
3.234430273457422015e-03
3.224694351555496691e-03
3.181123938848031546e-03
3.073879471637025722e-03
3.221100390086316292e-03
3.204835758609208499e-03
3.116611660692017623e-03
3.078393300559712550e-03
3.074824757654693631e-03
3.063446149301723379e-03
2.982962215636039867e-03
3.005208623524855110e-03
3.065012424401174999e-03
2.916681851495273557e-03
2.941112416356710460e-03
3.016756871983618769e-03
2.981229126700782415e-03
2.941426819265221225e-03
2.938744863260321378e-03
2.906993335713715584e-03
2.828966224367052747e-03
2.872075767357143514e-03
2.826962369604319077e-03
2.852723636478913128e-03
2.743757965899151774e-03
2.819044015336008221e-03
2.728712302218419886e-03
2.776574812156728123e-03
2.814944147732603708e-03
2.701073082126510903e-03
2.717406007767879557e-03
2.717892157808819362e-03
2.674019443395082071e-03
2.681502276291472010e-03
2.619932878548882245e-03
2.641625781165203146e-03
2.607482656566779619e-03
2.541904348854066940e-03
2.560037510627547874e-03
2.567974097324622531e-03
2.550012198565517266e-03
2.547877221523127140e-03
2.520460921049172236e-03
2.506304642436589167e-03
2.401891894519004624e-03
2.536936442307965913e-03
2.393858738226429216e-03
2.461514127305625826e-03
2.435696684607786908e-03
2.442270501871852094e-03
2.435952984427006401e-03
2.386991191464273455e-03
2.358237021361836352e-03
2.365739354492689059e-03
2.378123700089677852e-03
2.363330798960565100e-03
2.318995427332538189e-03
2.327996165715116254e-03
2.307456341051874939e-03
2.236581444386112182e-03
2.272784813639580972e-03
2.268896723650608901e-03
2.249727039429022524e-03
2.218667298365679507e-03
2.223063078955289738e-03
2.201615599433223193e-03
2.240569088612184411e-03
2.127553635407301771e-03
2.158651252260564580e-03
2.113620036649080988e-03
2.176930145921102989e-03
2.133865235886333016e-03
2.077027160230500262e-03
2.130886879133478493e-03
2.056481197729941122e-03
2.167640678406834373e-03
2.045448062696908053e-03
2.058345492948319803e-03
2.016214528708847650e-03
2.043455658851598723e-03
2.027873564933023454e-03
1.973090266358797692e-03
1.963709518569235844e-03
1.965950787267242445e-03
1.971856141184876419e-03
1.925031328002140647e-03
1.965721275331296525e-03
1.924106778257997407e-03
1.912588590099468426e-03
1.910858002771159908e-03
1.906307346210139430e-03
1.891643933683683680e-03
1.863080220173157732e-03
1.850790007772892300e-03
1.848034592588841630e-03
1.870000476515997368e-03
1.743246194306526109e-03
1.796432605605202421e-03
1.811098157855927466e-03
1.816020595102080248e-03
1.764261595740598387e-03
1.788477842877780064e-03
1.692387409019764730e-03
1.735654184302412844e-03
1.757533492799731286e-03
1.760313345354786330e-03
1.724410853590727837e-03
1.708213085426125684e-03
1.688171210203758509e-03
1.670463234396395592e-03
1.665055183352576098e-03
1.693559349627970969e-03
1.656178603114572727e-03
1.618806893884279074e-03
1.655376215217464579e-03
1.647737813086808199e-03
1.625108270017205751e-03
1.597913357408417816e-03
1.613031742375564464e-03
1.619762752405092291e-03
1.540764112692938554e-03
1.588971311722941300e-03
1.553526986100613226e-03
1.589448268675239207e-03
1.532754316988887500e-03
1.534579145111982651e-03
1.558958829467233659e-03
1.532062379540288354e-03
1.493405635423966649e-03
1.488869585672676242e-03
1.486328508031874683e-03
1.482370463665314908e-03
1.454782909683477368e-03
1.426883068146578108e-03
1.492921360941961350e-03
1.427078730739984608e-03
1.436366380803097507e-03
1.408766836663744460e-03
1.404171712885597190e-03
1.461072275642176727e-03
1.396653366540964118e-03
1.372695780540717728e-03
1.394191078353287537e-03
1.362112654133982616e-03
1.398656066439278632e-03
1.368647847034740704e-03
1.329573756032524689e-03
1.338081056619947525e-03
1.336880530244473255e-03
1.349098844121272194e-03
1.295431898027995165e-03
1.317988070830194546e-03
1.268599532122899592e-03
1.297290214501507473e-03
1.305455444472110229e-03
1.316285682613462437e-03
1.270567507899548814e-03
1.268336118377452054e-03
1.266443997126901139e-03
1.240230995367125680e-03
1.239992524482724052e-03
1.235945603010415051e-03
1.216080885204844130e-03
1.222018557645502103e-03
1.200803004603845370e-03
1.216620558880874376e-03
1.209469960281759401e-03
1.200706055616267620e-03
1.217772224772553646e-03
1.197355742502135721e-03
1.162467745562025890e-03
1.154968253835444774e-03
1.136120540603509886e-03
1.172699169406639244e-03
1.147125089641381915e-03
1.129669992693379784e-03
1.133687874629296264e-03
1.144508270232953229e-03
1.101970575331506471e-03
1.108784118566031153e-03
1.105909441408909613e-03
1.085853438993321417e-03
1.085269934538311137e-03
1.089797690758197374e-03
1.057650365860808919e-03
1.081176448043931699e-03
1.069580834147797806e-03
1.054619291267174788e-03
1.036403537389170683e-03
1.022003238672758484e-03
1.015226519582191657e-03
1.060120354752273463e-03
1.011319878123426294e-03
1.008257091347267024e-03
1.012265985689996895e-03
1.015178495797434619e-03
9.916642511249977067e-04
1.004081670902840862e-03
9.763800764217194297e-04
9.943127534037818696e-04
9.628802345533326451e-04
9.709073767361197510e-04
9.475573793458806843e-04
1.011082280710720030e-03
9.601149472305873459e-04
9.941418402062091129e-04
9.617403598026937062e-04
9.050015011062636930e-04
9.470830523288375916e-04
9.316359260570347602e-04
9.169016719864495806e-04
9.399250582791215296e-04
8.734687647639864791e-04
8.934291411291529067e-04
9.182214381716481515e-04
9.010548919876393325e-04
9.027171951861419179e-04
9.009580556957774060e-04
9.149873811965594794e-04
8.732176065219943292e-04
8.651187570730079152e-04
8.454964251792002755e-04
8.853940079108205043e-04
8.335771044880857777e-04
8.638492153233658837e-04
8.259573849647949524e-04
8.513856630672112392e-04
8.072630292878914607e-04
8.077956608578590368e-04
8.432212959685655290e-04
7.949459159055030514e-04
8.242172554837127714e-04
8.082762225694100841e-04
8.334188845387871004e-04
8.072520888027026609e-04
7.830546442040550508e-04
8.023396552220804804e-04
7.687608859813345810e-04
7.832408939007109820e-04
7.636849047140198887e-04
7.878829076229781339e-04
7.234444395584692204e-04
7.679644722022657818e-04
7.672809262360585133e-04
7.529768744874445162e-04
7.499729271397492054e-04
7.283175090267701973e-04
7.522025619197328502e-04
7.356693145801987974e-04
7.096105472433009717e-04
7.230430459575407608e-04
7.264478819356230211e-04
7.103238323078845144e-04
7.027578066870644041e-04
7.226195902647824468e-04
6.732337877626183445e-04
7.267859756897060864e-04
6.984716825463368204e-04
6.659463670643585602e-04
6.797710583793040162e-04
7.220560614224009110e-04
6.659232805865583421e-04
6.862441145821257136e-04
6.698241322691761510e-04
6.492192768709434143e-04
6.642981207321229905e-04
6.658098452591860571e-04
6.466137434156280861e-04
6.486607444745199139e-04
6.403555069799398043e-04
6.755867776892046390e-04
6.357578774657538434e-04
6.180890164594725084e-04
6.363682782861945471e-04
6.474001372857856196e-04
6.305482464829635777e-04
6.147979485002516911e-04
6.126685876632629105e-04
6.157046386851366916e-04
6.099669846862850733e-04
5.965585526351527713e-04
5.855816845182094249e-04
5.945515107460843350e-04
5.927049595139318458e-04
5.891462187031980486e-04
5.937472923275696410e-04
5.884207362850182865e-04
5.764184367728506170e-04
5.632458975026761062e-04
5.723316080151497629e-04
5.501130805644476604e-04
5.706371620821235795e-04
5.505956081867355344e-04
5.651506152175572858e-04
5.555471143374494328e-04
5.585896805079236267e-04
5.654318487492804128e-04
5.444628923254900884e-04
5.436861442108888208e-04
5.499777096630558554e-04
5.423133309998320320e-04
5.286786425595956830e-04
5.241777266094882004e-04
5.267175141391038009e-04
5.275756138313942049e-04
5.141800102515584319e-04
5.175532922394593264e-04
5.137808101126536400e-04
5.131716984797419102e-04
5.028128727855606713e-04
4.863621364555521017e-04
4.974290176232898418e-04
5.010268155041168285e-04
5.022257027951582478e-04
4.801892077205788625e-04
4.782889015150431169e-04
4.804950930794283336e-04
4.786639073244356845e-04
4.834122059831185954e-04
4.786076518752062467e-04
4.718960918615299079e-04
4.638436610901602863e-04
4.750898234274895417e-04
4.535823160273204238e-04
4.573828185596734322e-04
4.442917886342456681e-04
4.497893750670820196e-04
4.437432679352956103e-04
4.538527497030437632e-04
4.342617140277005403e-04
4.398544117458251458e-04
4.324086169353579543e-04
4.344722319822267058e-04
4.466798340339924334e-04
4.170950582499049846e-04
4.367319404007048342e-04
4.290416183032123550e-04
4.214182941383179870e-04
4.101969922958232967e-04
4.273536531023053092e-04
4.165508949099278610e-04
4.201929466521830254e-04
3.957385645626345684e-04
3.962820892881414674e-04
4.057221141358695543e-04
4.139805427808889099e-04
3.966976820224447594e-04
3.919259136654805659e-04
3.824989404984080444e-04
3.983065066454400836e-04
3.957944102095162968e-04
3.837620185359875264e-04
3.899139970784355281e-04
3.765205391108241047e-04
3.692544346273669864e-04
3.861164372978659288e-04
3.779213431943324658e-04
3.721910963781413224e-04
3.753156221363757082e-04
3.632569000266617663e-04
3.757852353118258594e-04
3.563778830974960151e-04
3.725435442494732076e-04
3.498922349564444136e-04
3.671041763544573375e-04
3.530389907054671162e-04
3.596116136511682063e-04
3.432531055863299505e-04
3.435030478823201732e-04
3.447265793121719697e-04
3.660393509737137657e-04
3.379977436405365017e-04
3.304554499115965917e-04
3.425998447318891649e-04
3.404074229500955555e-04
3.426068225769215818e-04
3.320607305659320388e-04
3.233011852385386060e-04
3.259271134068707524e-04
3.247112577483091751e-04
3.140843948422440885e-04
3.244229757455221867e-04
3.175181903938794595e-04
3.184096959412272476e-04
3.099937925953132186e-04
3.023777458549180243e-04
3.243208475698468383e-04
3.019303745229535616e-04
3.044743328743087368e-04
3.026595765669039110e-04
2.991386917873829201e-04
3.051371961109907577e-04
3.014070703123771866e-04
3.067241746733608714e-04
2.963378883447863278e-04
2.902563289768684998e-04
2.904520905876454748e-04
2.854618264850127354e-04
2.869908620877400498e-04
2.903083772062018471e-04
2.809661745564296471e-04
2.750573190860450138e-04
2.920537189188183200e-04
2.709636596641433384e-04
2.856165243767269202e-04
2.772643107988902525e-04
2.738595183079399107e-04
2.704786670231312221e-04
2.740500697555034774e-04
2.672055196629961340e-04
2.704193308886390667e-04
2.673763427550771379e-04
2.653489292098843788e-04
2.521049464283870605e-04
2.571083905222946563e-04
2.589679348386003319e-04
2.611615972807937685e-04
2.628325081336372790e-04
2.508989384282358311e-04
2.608658994707378992e-04
2.442776604315375754e-04
2.504206927808679418e-04
2.407719584748195074e-04
2.433446406165720439e-04
2.397219672790405331e-04
2.412221626285112729e-04
2.458301382997823211e-04
2.369954496037800316e-04
2.378711557018959970e-04
2.300766466542622122e-04
2.312840142960145167e-04
2.325873057498029182e-04
2.246053410435381724e-04
2.389124311484595506e-04
2.230424285189331300e-04
2.291341413559686295e-04
2.292626643820767668e-04
2.235807762280209035e-04
2.177959092659713380e-04
2.149484401901905210e-04
2.240830480687106625e-04
2.142009180285445701e-04
2.125279800050066227e-04
2.195527008615109996e-04
2.143248061493068174e-04
2.087961430612982115e-04
2.101427481902322033e-04
2.167166177050928219e-04
2.041188928268249092e-04
2.027789906188510300e-04
2.083093010225281667e-04
1.988883357536061621e-04
2.030851034197667126e-04
2.066619051148726105e-04
2.023496325619557204e-04
2.040621990612245611e-04
1.917541415190758710e-04
1.956281265198315763e-04
1.941749321392600405e-04
2.072279873037652050e-04
1.966299772248670846e-04
1.882853648853272522e-04
1.918339349948447632e-04
1.829046237318639916e-04
1.846542658872424780e-04
1.873755428330566497e-04
1.817238945087962796e-04
1.840151458445689174e-04
1.845659587970658363e-04
1.821975902741022381e-04
1.910630908156625497e-04
1.776398137595346625e-04
1.766680672368303306e-04
1.801935584222584541e-04
1.765941351158549705e-04
1.774729755280596971e-04
1.754975201390282470e-04
1.733087085079725075e-04
1.719679865170097130e-04
1.733181417293800730e-04
1.707303668891394714e-04
1.660917280592976841e-04
1.677266587217413106e-04
1.634156425541927486e-04
1.607496309249297210e-04
1.618246238993573897e-04
1.598679687885708287e-04
1.599139687449288919e-04
1.622533936329091252e-04
1.561660432226809770e-04
1.593853165720052699e-04
1.569610614826777851e-04
1.575295352661377037e-04
1.567006421550364080e-04
1.494282489649581937e-04
1.532626459370151496e-04
1.498445659785180100e-04
1.554596240229589742e-04
1.504157428823386141e-04
1.467990142361291501e-04
1.463783302281821612e-04
1.498324467165730188e-04
1.531122220868772702e-04
1.434958689521863501e-04
1.431358079236620716e-04
1.468299656721683277e-04
1.407076145887913238e-04
1.474424045475188994e-04
1.420407235513526374e-04
1.395733417700090087e-04
1.393488073559215866e-04
1.407325906596465124e-04
1.362404727415521049e-04
1.346837960855639500e-04
1.349042545079685547e-04
1.289335509801341239e-04
1.334344639094037406e-04
1.335814536443454708e-04
1.338122394999702834e-04
1.334223007688381502e-04
1.318221621131669924e-04
1.318371003635547794e-04
1.266431108596342305e-04
1.245612631801772520e-04
1.242755314039121648e-04
1.250280336939957641e-04
1.266961608711361360e-04
1.223302357265570919e-04
1.218924966755626616e-04
1.212709924368320108e-04
1.211852007886591361e-04
1.194035762159728669e-04
1.222218853406827315e-04
1.189557896123817887e-04
1.187049019668588072e-04
1.170212495980129969e-04
1.163927771402606111e-04
1.112822016256294371e-04
1.200311274884760239e-04
1.134649395904879028e-04
1.143137344123163358e-04
1.142934426729230556e-04
1.115265820077573661e-04
1.124468594472805965e-04
1.135803281218678858e-04
1.057839339137639636e-04
1.125911784755869230e-04
1.070724297109596396e-04
1.093239538165562380e-04
1.106184756611453088e-04
1.059302128900136661e-04
1.047092532169569679e-04
1.050581390664839511e-04
1.021564550617962852e-04
1.057502882234595261e-04
9.754886715344518206e-05
9.882252556014593694e-05
1.027684564901717019e-04
1.021308983390229342e-04
9.735902944251912934e-05
1.019490756382960373e-04
9.837681979758729905e-05
9.760541152271733599e-05
9.490320665655158116e-05
9.704579118486631004e-05
9.294684806949200654e-05
9.445284085032718793e-05
9.491088874743321623e-05
9.706057463545546651e-05
9.243239625538990877e-05
9.154100649928815115e-05
9.388403174995930804e-05
9.281573057228342664e-05
9.067792718021141813e-05
9.008704858355745830e-05
8.979721313669739946e-05
9.031668551675206785e-05
8.879770701053400436e-05
8.930580351414261868e-05
8.800141539253608278e-05
8.700273089441777456e-05
8.975278541856824058e-05
8.432670451354950072e-05
8.819133672669262735e-05
8.073425290971109416e-05
8.315751956625457963e-05
8.344938367448711256e-05
8.321701810660085371e-05
8.246461823435830821e-05
8.287777147204775682e-05
8.393401117690960371e-05
7.983843191665787912e-05
7.507426218548322384e-05
8.255146496170644166e-05
7.981766653114975678e-05
7.863496549914219017e-05
7.688358710356624551e-05
7.559775561750419642e-05
8.102288111332914700e-05
7.742322831196751071e-05
7.494112003717288235e-05
7.426137518596728142e-05
7.523596797500431703e-05
7.559420836966117415e-05
7.552257416763756093e-05
7.275217286673653404e-05
7.194297616383339710e-05
7.097681294226276154e-05
7.064967760376410829e-05
7.594351687914370811e-05
7.438290264017918818e-05
7.094446778786992651e-05
6.787087444398106392e-05
7.022711987156072004e-05
6.833133077059626336e-05
6.705280446781866209e-05
6.759305766507037920e-05
6.909237883558359871e-05
6.709915820462290716e-05
6.733889981411980555e-05
6.529839633175730010e-05
6.442670480636739886e-05
6.517930158085099765e-05
6.425869633289948383e-05
6.346279135097380086e-05
6.410435803239319702e-05
6.397366306623553621e-05
6.255018094878193457e-05
6.113300382071429242e-05
6.349446562158585596e-05
6.222303491254673434e-05
6.252375214694438834e-05
6.084057507363078499e-05
5.949088449363314218e-05
5.923965964828831714e-05
6.028186628808336259e-05
5.884145853906374885e-05
5.580521903925728447e-05
5.907062677192698408e-05
5.960045424894490817e-05
5.781948309900794423e-05
5.746151249302654327e-05
6.149501994527132556e-05
5.427047248021413332e-05
5.534657550072097338e-05
5.684105449462809588e-05
5.682822499771386573e-05
5.631916021455448740e-05
5.364973441981289525e-05
5.484219649016657287e-05
5.476638341731034266e-05
5.604753511940024170e-05
5.351413639995631483e-05
5.222583945273332064e-05
5.317037540515099682e-05
5.191946512676233027e-05
4.768021138332707241e-05
5.172710088455850054e-05
5.104645541099931566e-05
5.125539471207827858e-05
5.054446410995946433e-05
5.041471535202748038e-05
5.031375272348473647e-05
5.119775178104646394e-05
4.749983807895269937e-05
4.844022209993324290e-05
4.724313490846400638e-05
4.866603528830637320e-05
4.855575124422882420e-05
4.959442916135361009e-05
4.754368225667349472e-05
4.582807808368930382e-05
4.623507637843106627e-05
4.648832733434054063e-05
4.499818983234555399e-05
4.568651651980612283e-05
4.458318083737009934e-05
4.450150975312031597e-05
4.555238438115338524e-05
4.472652194629388238e-05
4.433386776674654538e-05
4.292024756578679531e-05
4.190875110222285692e-05
4.320178011411306699e-05
4.279546448752365872e-05
4.271218624733461922e-05
4.116382537183329015e-05
4.237548779078029545e-05
4.189912833903365478e-05
4.123635918342318050e-05
4.474644186239272545e-05
4.085185747913198950e-05
3.959778433300341225e-05
4.089775888231932859e-05
3.971060896117250795e-05
3.943367305354123826e-05
4.021135609095186244e-05
3.924942445150593500e-05
4.025163384312690861e-05
3.710120429926584153e-05
3.799183945581521995e-05
3.863524798267852552e-05
3.906037821465295777e-05
3.780631651550590643e-05
3.838040395823684431e-05
3.719698866033078219e-05
3.732121028909724929e-05
3.730310437835474664e-05
3.577479010461307628e-05
3.555057586452546142e-05
3.491918906326775643e-05
3.595569687554091282e-05
3.562457888022306344e-05
3.439094803911757492e-05
3.379316402598370650e-05
3.422087504165054927e-05
3.492457883774997520e-05
3.553792804664876134e-05
3.360122004905211247e-05
3.320661870408717656e-05
3.291996406252500223e-05
3.282041628902529257e-05
3.274550932103790596e-05
3.234089070770096729e-05
3.271365874580364329e-05
3.323234138945606157e-05
3.194201453675304736e-05
3.289626387260926048e-05
3.015307633203129987e-05
3.203744551789051531e-05
3.200307735502455164e-05
3.047985786875935087e-05
3.093661551409760671e-05
2.983670113202866318e-05
3.104472954315237314e-05
2.983828021816796946e-05
2.920417220000867426e-05
2.960611590927848344e-05
2.933336268717669370e-05
2.822438874938727795e-05
2.918496031077211236e-05
2.889534301662674033e-05
2.769612213309561262e-05
2.867242276007735835e-05
2.784400081382695490e-05
2.820299497555619496e-05
2.910322188508221975e-05
2.770932783953737279e-05
2.664543927952373970e-05
2.711311152232351041e-05
2.681351819041667852e-05
2.705820133015939628e-05
2.674878983615209451e-05
2.737084145352192908e-05
2.687283972782747096e-05
2.611870515378151650e-05
2.566203421565660324e-05
2.561538847867593263e-05
2.514848682156817892e-05
2.601285068335203234e-05
2.492571810882639340e-05
2.492955876294087938e-05
2.553252271299502837e-05
2.497847700687673715e-05
2.293545464163214168e-05
2.595849280739262899e-05
2.485573244556300390e-05
2.436008474368073852e-05
2.374635021471606578e-05
2.357289561967133582e-05
2.428336520501618614e-05
2.322057265623048443e-05
2.315667250054177870e-05
2.341019321230370479e-05
2.274421524579598396e-05
2.284161889809053906e-05
2.319923391764535086e-05
2.265666577709778075e-05
2.174105084257657223e-05
2.223388038053794325e-05
2.170814207009438327e-05
2.120745028277529486e-05
2.226272987858075254e-05
2.082950652608620462e-05
2.141495485964891850e-05
2.142608583359820548e-05
2.036825815293598422e-05
2.031401776610307130e-05
2.091677977520183462e-05
2.100559073570755972e-05
2.035136864420954817e-05
1.995426207115867453e-05
1.995832947844584297e-05
2.155248044813820965e-05
2.011329050169154178e-05
1.986888313123407623e-05
1.950051129140969574e-05
1.949103724661784196e-05
1.952075879132410494e-05
1.895917059390025546e-05
2.008588795274590628e-05
1.886219228018554803e-05
1.859979250009148686e-05
1.834666389051367987e-05
1.787320632989316640e-05
1.873434127225794116e-05
1.814295598538657279e-05
1.862277237510819922e-05
1.794465169372675374e-05
1.836720349602468684e-05
1.750466100910281434e-05
1.753230010412413204e-05
1.765803509267373423e-05
1.684962830818546568e-05
1.738458609897211826e-05
1.699036309410725571e-05
1.684258195637409770e-05
1.678206266962790956e-05
1.649359218549761901e-05
1.618508116644079502e-05
1.606703397799590023e-05
1.668020280939280084e-05
1.613700824045086470e-05
1.621220712240756322e-05
1.629722046949869576e-05
1.661332228156555169e-05
1.579037711029026699e-05
1.508085117377179664e-05
1.542956541931874068e-05
1.592059533283775549e-05
1.559067472521746828e-05
1.506060401305018957e-05
1.570208416438033275e-05
1.516664851471562446e-05
1.463732035030521471e-05
1.432552252346600445e-05
1.526715515563280241e-05
1.442700626807891168e-05
1.471378737379122225e-05
1.401046858268273281e-05
1.491443084921684157e-05
1.413952358110951351e-05
1.283892359478094135e-05
1.438103007607034215e-05
1.395456698118583284e-05
1.389325594511449534e-05
1.390313914709752626e-05
1.353438089175337376e-05
1.386629301997085550e-05
1.317766190954573978e-05
1.338643230795761548e-05
1.393888108269233450e-05
1.283641641163870007e-05
1.324359864786726729e-05
1.249807236131670968e-05
1.324331261126384739e-05
1.277216549453896692e-05
1.251873153907061825e-05
1.266488045049689884e-05
1.242527073447620637e-05
1.224639553151973874e-05
1.220941394660712773e-05
1.196387751185414228e-05
1.185940182274082809e-05
1.252231333658723316e-05
1.146662622563456171e-05
1.152531217051741124e-05
1.161120033590837586e-05
1.197956888147798125e-05
1.122197484003858540e-05
1.171282099827359593e-05
1.110761793683780454e-05
1.120296941805268710e-05
1.096631151491627406e-05
1.122391338174111355e-05
1.148797737611013297e-05
1.102971722640891707e-05
1.066123110826668268e-05
1.076312410852356813e-05
1.125304185269929544e-05
1.065732026449950405e-05
1.090281135600434966e-05
1.077091795915358920e-05
1.009570182564597688e-05
1.015239412156786078e-05
1.012129601744098762e-05
9.931239594347322623e-06
1.023435354189976809e-05
1.000712575114448540e-05
1.035158573977566551e-05
9.886951324623233700e-06
9.802018843937990077e-06
9.659199140190010289e-06
9.404594005332001219e-06
9.771846507857974513e-06
9.840731209643698975e-06
9.575900991584212997e-06
9.536954626274303854e-06
9.198912585865010741e-06
9.476555877605668331e-06
9.452486391588926760e-06
1.121832456767281573e-05
9.205550654948118221e-06
9.105356265178801196e-06
9.057837905256097534e-06
8.705511324348793678e-06
8.551617127035829045e-06
8.685188578348451721e-06
8.596724224844364784e-06
8.759157480231546464e-06
8.867748815305276150e-06
8.692274240242372894e-06
8.527867793775709886e-06
8.335198325767123864e-06
8.578300420448873180e-06
8.027611420158920684e-06
8.528046844438515325e-06
8.233103045654388782e-06
7.978319797546515869e-06
8.262214245356906827e-06
8.345420424315567356e-06
7.833144279434886852e-06
8.074298270084260935e-06
7.814419796350843917e-06
7.629450595410551791e-06
7.893698917184468217e-06
7.751482366091166167e-06
7.354323927139765642e-06
7.486289616833476430e-06
7.737104255121656675e-06
7.478881756761828185e-06
7.456957226411629617e-06
7.493665800227842927e-06
7.106261764533883008e-06
7.099510745531136112e-06
7.075631909174262722e-06
7.723617376801225805e-06
7.025121168550997902e-06
7.248625256011109334e-06
6.737890414943389362e-06
6.899625265808545926e-06
6.914740326432625474e-06
6.937138482320344133e-06
6.720432041642458117e-06
6.766234480859825942e-06
6.854819345968670452e-06
6.721202042139599197e-06
6.358609304113218092e-06
6.696097034640453655e-06
7.061456209271455355e-06
6.258662449973989155e-06
6.793102358431367303e-06
6.314048199507332139e-06
6.427545695195087074e-06
6.110583502813174571e-06
6.244198982536935227e-06
6.116058174987821558e-06
6.341851306274293382e-06
6.271664105010391552e-06
6.184144266236606864e-06
6.026572816332580389e-06
5.873874452423219024e-06
6.051777203863041674e-06
5.886907134968818667e-06
5.861150528988089344e-06
5.835124245761237835e-06
5.720368757725477328e-06
5.614876899000722066e-06
5.788836297353684762e-06
5.650099286981458420e-06
5.684728393719394344e-06
5.603894372386873146e-06
5.372324341481414032e-06
5.487718346346679835e-06
5.736317795741082571e-06
5.306613037159227697e-06
5.483485133433012834e-06
5.342113244004005021e-06
5.404570678056838067e-06
5.262383953858521602e-06
5.234099566661955306e-06
5.218717231059599821e-06
4.922553190161644295e-06
5.297653296452153915e-06
5.011793442398422017e-06
5.056521034508217714e-06
4.682952151175154194e-06
4.774957427636244418e-06
4.863173393557320386e-06
5.019998734983995706e-06
4.806932145697828639e-06
4.881022198105711188e-06
4.999943644439294693e-06
4.730503129621865844e-06
4.828812185451170284e-06
4.569361734557528235e-06
4.506042899639136766e-06
4.718030451613230682e-06
4.534086273906723357e-06
4.667062506931480340e-06
4.501299377076455910e-06
4.548814001233430251e-06
4.514004516782473973e-06
4.474556998340111233e-06
4.265078165514881186e-06
4.433591957958275203e-06
4.298376174655719093e-06
4.335639130869951864e-06
4.205576789997524015e-06
4.168532539097213512e-06
4.107396208512779832e-06
4.161037290535724634e-06
4.133415885852237984e-06
4.322432451252617820e-06
3.969680028961063332e-06
4.069066052677174703e-06
3.976836769684918100e-06
3.882657154057207242e-06
3.937587958928036343e-06
3.988666332296426674e-06
3.805640132181256930e-06
3.813869561781757664e-06
3.796715063539782874e-06
3.893617273076545264e-06
3.747675858383965132e-06
3.692385267153700509e-06
4.036457232538331041e-06
3.638177211054685908e-06
3.704369375701129860e-06
3.612855946471427018e-06
3.592131473055815251e-06
3.688855131729594296e-06
3.599440708577665958e-06
3.580481754300178260e-06
3.578427014596335193e-06
3.428529694328322475e-06
3.423903805891573843e-06
3.278607300850516001e-06
3.391474259436628502e-06
3.624200339572780646e-06
3.350670801426401276e-06
3.295607908398779025e-06
3.179718006403423277e-06
3.439681166290548760e-06
3.285594722975864599e-06
3.220640557141710493e-06
3.126763808219428409e-06
3.135532509645600005e-06
3.522226247680139451e-06
3.101599727707642713e-06
3.080028219967191907e-06
3.131766589961313844e-06
3.139886052703591742e-06
3.014826168607344620e-06
3.205766670086112211e-06
3.021730527361147002e-06
2.975631772398758541e-06
3.037758932578071666e-06
2.876127081192083103e-06
2.931360702924783760e-06
2.839143629265501028e-06
2.857688003051147631e-06
2.891402824047872652e-06
2.819603838539868541e-06
2.788590523550738178e-06
2.764325009463521342e-06
2.779520858682969745e-06
2.731261821184359158e-06
2.737103202256158844e-06
2.838893113042623910e-06
2.739519828196535064e-06
2.653398512961757610e-06
2.691683394248554727e-06
2.629925572916493060e-06
2.530744332732735651e-06
2.634287375745510933e-06
2.518398003254723090e-06
2.622423030548556304e-06
2.601014910088192057e-06
2.599479137383501235e-06
2.467298039911319206e-06
2.549728515240141161e-06
2.468003835604446906e-06
2.542061180828828494e-06
2.494653123237964921e-06
2.394071026076614778e-06
2.398891714457412012e-06
2.376961153718833953e-06
2.373229788109451111e-06
2.376837760753655209e-06
2.386658334346845807e-06
2.338155809557714879e-06
2.331439109899032850e-06
2.350932582771747432e-06
2.296422335965482000e-06
2.320436844765286729e-06
2.216207438177012245e-06
2.213234200098668130e-06
2.259472104453509650e-06
2.233290242429575128e-06
2.149854577591473185e-06
2.362440695492295923e-06
2.126092324065861432e-06
2.113620377014870180e-06
2.237928074578121775e-06
2.066461906663010085e-06
2.094866049982816172e-06
2.081867281114162813e-06
2.026935174918824847e-06
2.071095262018778643e-06
2.088216998085304910e-06
2.028147918200115005e-06
2.098399188818283076e-06
1.918091241074242643e-06
2.047784024414665584e-06
1.971628093120411290e-06
2.124646308548757717e-06
1.882760570213447123e-06
1.923130859446635902e-06
1.880743715495165212e-06
1.904683784362402618e-06
1.868967477353830325e-06
1.854601488487008047e-06
1.817614347649915914e-06
1.885110939058774493e-06
1.814153664733047279e-06
1.824304360297901472e-06
1.820610700844684171e-06
1.873686458517503204e-06
1.699900058935911923e-06
1.788252881397056604e-06
1.764221520862260389e-06
1.714167477367872030e-06
1.707936651704195724e-06
1.738965670597281236e-06
1.787455534781656713e-06
1.646584823885989836e-06
1.696928055415420560e-06
1.733932724911418195e-06
1.709525007478467606e-06
1.670777104469120211e-06
1.617077756821215315e-06
1.646870711835747730e-06
1.618854582586339147e-06
1.559056139171843777e-06
1.583255195328092644e-06
1.591910628901262293e-06
1.619515793403739444e-06
1.745210110958136641e-06
1.534251384327944802e-06
1.501290221718980756e-06
1.523473441092651863e-06
1.514005496346726435e-06
1.587890228214356715e-06
1.500578915787238075e-06
1.508163022094777194e-06
1.506803117649724349e-06
1.470183647321781458e-06
1.481445727108621261e-06
1.521944425836149308e-06
1.484270457629983301e-06
1.452356263355016191e-06
1.440105264772942785e-06
1.472274257837722968e-06
1.390244164943916527e-06
1.350780087315277866e-06
1.413339641544553243e-06
1.379045760001775198e-06
1.332152953994279506e-06
1.396243623925589140e-06
1.346850476677120996e-06
1.363731697746776074e-06
1.351534601570035327e-06
1.321880899597869796e-06
1.317218177356543104e-06
1.257871595303835631e-06
1.311950518584126168e-06
1.340899900453353213e-06
1.296232870069096490e-06
1.240332875811743374e-06
1.292753255435335211e-06
1.192906328632099316e-06
1.267888056336882416e-06
1.171348587506924734e-06
1.233488532258369227e-06
1.236377717873438022e-06
1.170593443102266626e-06
1.232289519845965296e-06
1.192235412515531483e-06
1.253704837365278544e-06
1.216866830532126114e-06
1.135337669844765138e-06
1.116323558903786824e-06
1.175126459997954877e-06
1.189137535464267094e-06
1.156347956534123675e-06
1.184225392632600016e-06
1.133961611864313946e-06
1.106586570374799701e-06
1.165394341195938632e-06
1.123193670585871103e-06
1.077181486851129416e-06
1.067843481661969205e-06
1.081109065694363379e-06
1.070449789624814948e-06
1.095437558514536943e-06
1.053950509198589976e-06
1.105529511668074844e-06
1.061858319612188666e-06
1.015270683524249762e-06
1.009269756520682587e-06
1.061010390523214033e-06
1.057964288423006264e-06
1.051161309435753699e-06
9.839551314273973643e-07
9.829974832363014692e-07
9.730213837753712082e-07
1.019365798729917678e-06
9.864310120844623578e-07
9.978873982520651815e-07
9.598302188221297909e-07
9.803279077849376721e-07
9.556123694177846904e-07
9.336633829499468118e-07
9.553847810203867608e-07
9.660213642713903508e-07
9.709088387483332505e-07
9.538689930812844092e-07
9.330862291270542325e-07
9.023610440570856434e-07
9.388930371220079662e-07
9.092010905890545035e-07
8.772581988328705926e-07
9.086407603392997130e-07
8.710798650456906798e-07
8.840638581172503327e-07
8.818329369627722822e-07
8.782203989799849324e-07
8.656442785032985283e-07
8.940991176099747020e-07
8.767514454055864404e-07
8.457691012933667415e-07
8.477678360999821401e-07
8.428665259186475947e-07
8.273733425799686236e-07
8.248252951586566699e-07
8.020916463432773532e-07
7.895039490384599019e-07
8.453889836183797301e-07
7.817700523966257932e-07
8.466206639923257425e-07
8.093991642681430693e-07
7.958565056956753148e-07
7.670985275873525347e-07
7.891447351409754602e-07
7.712640613785229303e-07
7.854084239105370059e-07
7.937038943412387212e-07
7.811691461938607735e-07
7.498041441067471169e-07
7.595246495546754399e-07
7.476253469543995453e-07
7.588485923406551812e-07
7.573767690668578479e-07
7.260863615264107473e-07
7.416494931443854357e-07
7.139805941278609756e-07
7.057289796128835625e-07
7.112052080141698107e-07
7.239286117542828282e-07
7.219522624869309477e-07
7.327520526782142243e-07
6.920270309365151056e-07
7.131172617554121854e-07
6.945143950523353051e-07
6.941315578420212311e-07
6.887761494616435020e-07
6.909496050379207911e-07
6.803960102388373606e-07
6.722740394837144279e-07
6.796224306364300309e-07
6.700254374436554129e-07
6.622923837085181773e-07
6.610059999567446311e-07
6.476277550940982057e-07
6.968535011537823693e-07
6.643605306473025963e-07
6.381260240329668801e-07
6.567749886049309323e-07
6.351031346087308179e-07
6.428439562731520400e-07
6.089000631033870646e-07
6.512787846629310000e-07
6.463200241699139234e-07
6.173390092953923108e-07
6.010666688618065302e-07
6.356510745035847867e-07
6.195712145102203990e-07
6.036216327791927472e-07
5.997461516926705837e-07
6.041239715191945536e-07
6.029729270429534994e-07
5.804163026498697609e-07
5.834819040403869601e-07
6.034701624457738478e-07
5.818565125374724716e-07
5.955840805102395386e-07
5.732299329435720683e-07
5.859017875471701509e-07
5.746850339067220897e-07
5.545209014761505230e-07
5.637014452466765870e-07
5.586692498289786398e-07
5.675839196328524934e-07
5.753408467918623700e-07
5.502233537656917907e-07
5.449244368459663042e-07
5.259020731987870058e-07
5.803946085214712920e-07
5.229382238992132031e-07
5.416462607529735601e-07
5.325442162334833316e-07
5.286252920768674567e-07
5.230831452536221746e-07
5.271780842771736627e-07
5.287549076748681331e-07
5.401839378009754229e-07
5.243527753983860795e-07
5.161167264792052111e-07
5.234925830563952789e-07
5.027734090877596804e-07
5.130039367843762114e-07
5.000906567959516434e-07
4.933123232149227759e-07
4.961823388417282951e-07
4.912905740346624593e-07
4.933299398836814967e-07
4.857515237972620170e-07
4.952720568423631562e-07
4.803606785149635989e-07
4.859819016473921274e-07
4.871319815557789028e-07
4.739319742676733400e-07
4.739740872667295676e-07
4.775945067681926731e-07
4.705947668526278227e-07
4.720946761511056046e-07
4.583145518576462409e-07
4.760551638258090735e-07
4.951874694175525209e-07
4.637820306600458115e-07
4.548326053444335373e-07
4.629904632338366575e-07
4.577788752320495024e-07
4.481730365536609922e-07
4.515548304198091572e-07
4.561361965735548857e-07
4.401258512416461603e-07
4.317748326262257643e-07
4.315007931024540718e-07
4.386530939817540905e-07
4.244158951840810347e-07
4.366865830109288632e-07
4.290909307006326444e-07
4.366436116112838726e-07
4.241352935910722001e-07
4.252936671329215249e-07
4.196726528432139241e-07
4.164368207284496523e-07
4.193919673168368433e-07
4.213679268494680755e-07
4.032548488502080747e-07
4.625592009201032409e-07
4.175782377160430820e-07
4.049416732933813018e-07
4.068405519157230270e-07
4.066536875078392247e-07
3.970903816252757742e-07
4.097448480706589311e-07
3.942981276005801471e-07
4.010586971584676396e-07
3.901160530241603222e-07
3.989558664443393553e-07
3.847354752224419027e-07
3.981896748785272496e-07
3.900316530527042098e-07
3.911899793333109861e-07
3.913093582761056111e-07
3.769519979316880555e-07
3.956015779717095517e-07
3.738869101945446042e-07
3.758025309902482549e-07
3.792772275151687125e-07
3.781533585294839876e-07
3.833640321480353405e-07
3.678921500360437512e-07
3.651416553793751722e-07
3.644093233593333971e-07
3.655930639914524092e-07
3.638725965759346879e-07
3.586531650106345435e-07
3.568899963966032196e-07
3.722776978877715853e-07
3.544468538458594032e-07
3.641202902956917909e-07
3.464423482942687928e-07
3.512110800686839229e-07
3.539870065034327622e-07
3.577251930794643371e-07
3.415968466892341854e-07
3.367006855796716965e-07
3.342568511795564153e-07
3.478474754144501841e-07
3.492608169608501813e-07
3.422016450745753932e-07
3.374332047120073195e-07
3.340611208386690275e-07
3.532296987519397977e-07
3.423379457834536388e-07
3.309786025056382510e-07
3.337292524098042256e-07
3.224632710855855299e-07
3.331078111809152228e-07
3.322392599654579218e-07
3.270703428402807179e-07
3.358750717552538845e-07
3.207695495867873002e-07
3.213907253569102272e-07
3.213482308735495127e-07
3.235878026544014773e-07
3.148593624148686016e-07
3.182998074667661077e-07
3.168011571200882477e-07
3.144506348787347272e-07
3.179165725961346247e-07
3.252736063034587698e-07
3.118967266086006526e-07
3.079366371139258453e-07
3.044627056039774054e-07
3.132333763622747447e-07
3.172865126381501267e-07
3.053654584976227266e-07
3.072214867805606715e-07
3.018399829670670408e-07
3.135401308976984700e-07
3.022486044658632654e-07
2.941931913125829482e-07
3.065660170510195233e-07
3.047353127223167183e-07
2.944997731089772676e-07
2.958620615994992305e-07
2.997454013211609201e-07
2.951896354293889375e-07
3.002476193582229362e-07
2.870321088234309767e-07
2.911023530519482312e-07
2.886501532819758451e-07
2.843666396756816581e-07
2.896634397627297123e-07
2.939464399105417917e-07
2.872363931893622769e-07
2.830810444720555309e-07
2.829958415791874517e-07
2.854825756750350289e-07
2.886842701822648072e-07
2.741063114431848659e-07
2.710746642183689410e-07
2.789768523143720860e-07
2.789682773059861649e-07
2.723009210480345789e-07
2.796751654646608982e-07
2.748044757124391798e-07
2.751109966376523779e-07
2.753838401109273038e-07
2.663831324006033981e-07
2.698825857935714425e-07
2.728203942134703852e-07
2.722415209096392859e-07
2.718839295507028465e-07
2.685286765264598796e-07
2.628835945220738885e-07
2.791988880192418373e-07
2.639901656818567975e-07
2.651057339042901007e-07
2.627301731601099426e-07
2.630197151672421627e-07
2.631386068482502773e-07
2.607203918582204627e-07
2.622449472612840379e-07
2.486033192293949039e-07
2.564543250725494463e-07
2.590770684816691695e-07
2.586514324808116978e-07
2.526650664386969394e-07
2.539253611400584380e-07
2.610017319446862115e-07
2.564203796607346821e-07
2.531675731103990124e-07
2.501532265698967397e-07
2.530228653735580885e-07
2.538319863723310088e-07
2.503916057808705217e-07
2.412804853975103516e-07
2.554242717159078283e-07
2.421405143552744517e-07
2.512687110213716823e-07
2.504344672291024054e-07
2.445502548360829001e-07
2.462022108927288303e-07
2.453848195662950490e-07
2.367844491897943007e-07
2.414423182861875127e-07
2.389558790777560333e-07
2.427282101799781650e-07
2.394156750174910618e-07
2.363587666747792193e-07
2.383598336856656282e-07
2.361884324467869858e-07
2.360864058995762809e-07
2.376191067859118894e-07
2.363161368228767326e-07
2.364184686030057430e-07
2.395349585932698308e-07
2.302789396415911516e-07
2.357372511759032519e-07
2.312752731735859781e-07
2.336765782696862243e-07
2.297510215255117876e-07
2.290614148055932981e-07
2.311220101449050297e-07
2.354564873517769460e-07
2.297169903938213597e-07
2.277415743167564065e-07
2.230070665031494896e-07
2.251189689072167115e-07
2.307817152151463752e-07
2.236798089500423116e-07
2.269071105566971416e-07
2.241992975768880677e-07
2.223344432000625943e-07
2.240035341531308537e-07
2.271200619199069979e-07
2.166805050722229897e-07
2.240971746719618985e-07
2.220961251526075264e-07
2.218831991578034387e-07
2.171232489607583744e-07
2.181537352693599720e-07
2.220876711070169691e-07
2.192094671694836307e-07
2.187752969900559827e-07
2.194649549177743915e-07
2.160759870061415856e-07
2.160333609708686829e-07
2.120397291167007132e-07
2.159737769196518945e-07
2.130871727753661475e-07
2.120483591657570679e-07
2.149433764933356874e-07
2.162633467475773496e-07
2.069648074569028749e-07
2.141004470266644896e-07
2.114438125155564802e-07
2.082506367417278851e-07
2.111627714254739530e-07
2.089063450349775494e-07
2.095959606874332855e-07
2.053129293407047498e-07
2.106433901190030213e-07
2.082420998021916662e-07
2.089743973588805937e-07
2.076119951490389691e-07
2.062751044604738107e-07
2.060111626665924926e-07
2.046487263994224961e-07
2.041293383529461846e-07
2.031415900124297339e-07
2.078589784559880987e-07
2.050319206026480404e-07
2.041208248653804505e-07
2.021112265505767642e-07
2.059601198750117765e-07
1.999654932660632851e-07
1.992502908478854931e-07
1.998122285158387993e-07
1.985689803437448328e-07
1.969766801396742323e-07
2.021709485526506310e-07
1.978196748788312680e-07
1.987733980968187150e-07
1.990970263412756503e-07
2.001783775377979193e-07
1.956738908737471823e-07
1.978964133806065025e-07
1.971214938326478896e-07
1.934514879816820916e-07
1.965935520697062946e-07
1.964828558129738616e-07
1.974450545146412735e-07
1.914930142480183713e-07
1.955717539690990008e-07
1.904882160001112202e-07
1.956483970551354559e-07
1.912375702204371847e-07
1.937154846051011403e-07
1.922083360048938098e-07
1.921912725687694265e-07
1.893557593218377297e-07
1.887426803932612660e-07
1.888363552942402157e-07
1.881381040383140733e-07
1.936218299241383035e-07
1.913738130139920713e-07
1.850386333736813553e-07
1.873802701766180702e-07
1.911609869824003025e-07
1.878315540417523790e-07
1.879167145781528691e-07
1.885553900657604304e-07
1.879763518835326471e-07
1.871333290637266970e-07
1.857709870916681113e-07
1.859838329859745201e-07
1.862052130101281819e-07
1.834718727390541688e-07
1.835400135600398761e-07
1.846554615017989272e-07
1.840679664480506109e-07
1.879423140605597626e-07
1.831483396504804131e-07
1.824415529979107997e-07
1.816070771545647798e-07
1.787290239495372904e-07
1.806959682296240231e-07
1.830376504748138760e-07
1.808748045277752581e-07
1.801765671416433147e-07
1.813175921045383034e-07
1.817603631642279103e-07
1.817092929253963888e-07
1.814027660235037065e-07
1.788567317362321721e-07
1.793165769673318362e-07
1.781755445823104619e-07
1.794783521843003607e-07
1.775283794001682470e-07
1.794443516181283066e-07
1.783543648506175977e-07
1.768046259615273075e-07
1.782607431225967212e-07
1.778860590450546729e-07
1.747354625812087208e-07
1.763703690390424738e-07
1.771622782566087747e-07
1.788738392828495954e-07
1.775539795322142062e-07
1.782181627569505898e-07
1.761745402128716351e-07
1.748717220217648589e-07
1.752804752348830778e-07
1.746503364269561356e-07
1.729473182032441881e-07
1.733986186179338752e-07
1.740032173367061243e-07
1.735944770676464292e-07
1.714912791775142463e-07
1.726833646996185711e-07
1.730410048789313432e-07
1.694221216926702540e-07
1.712273034724733262e-07
1.718914916669486288e-07
1.708952243169343588e-07
1.728707114482728880e-07
1.747866755944674698e-07
1.710059322022061744e-07
1.717893117237118791e-07
1.705631643582299561e-07
1.712698729566649873e-07
1.680256553007503946e-07
1.703076871990560992e-07
1.714061233185150560e-07
1.684769429987552177e-07
1.690730088382354485e-07
1.667739430136602460e-07
1.675743679275651044e-07
1.698819480517548600e-07
1.689026942780661353e-07
1.681959674897370782e-07
1.685110338160354389e-07
1.670294061243891673e-07
1.663567174838525275e-07
1.667058338463383409e-07
1.685876925583735371e-07
1.670890051335456098e-07
1.666547631202775069e-07
1.645515343722893573e-07
1.658032540652649348e-07
1.665696146671637453e-07
1.643301528702068011e-07
1.649432542600542207e-07
1.653689984745402257e-07
1.637511311725704895e-07
1.663141684957736417e-07
1.647218557699098970e-07
1.646026286802485423e-07
1.639555013883052402e-07
1.649262088026911603e-07
1.645515400566312487e-07
1.640576867397872453e-07
1.636744957685160728e-07
1.630273530314038305e-07
1.626697292554776403e-07
1.627974598932269173e-07
1.609071134193332550e-07
1.650284228194972653e-07
1.620821996084487161e-07
1.629337305887799817e-07
1.617415802002142416e-07
1.624483574005353030e-07
1.613243641551369888e-07
1.609156294080094053e-07
1.661779355280097104e-07
1.616138769122699233e-07
1.591445251278855745e-07
1.589401592484916604e-07
1.604728651532890848e-07
1.609497203552174662e-07
1.599364147263518783e-07
1.606772327542265362e-07
1.583866820413147321e-07
1.610263452838418354e-07
1.601918763916338718e-07
1.595702776252697602e-07
1.591870916887013869e-07
1.594340422376002760e-07
1.594170151650229877e-07
1.586336214489035246e-07
1.578332114442153969e-07
1.589997771296631346e-07
1.595021659243554723e-07
1.577991563083612385e-07
1.570328086505209518e-07
1.555086158272648123e-07
1.593574084414025668e-07
1.559769368668639742e-07
1.555852478207140942e-07
1.559343678211787023e-07
1.596724601995447394e-07
1.571435021138053492e-07
1.546826638169867344e-07
1.560110131159880073e-07
1.558066428028074101e-07
1.552106041669633416e-07
1.560450625837412576e-07
1.564878550490383056e-07
1.546486036951526737e-07
1.551339703870066157e-07
1.593659575454304571e-07
1.547763353723244823e-07
1.539929540967932473e-07
1.539333559484086000e-07
1.529796662030743658e-07
1.542058306865458430e-07
1.523751029870774165e-07
1.549551429401877373e-07
1.533458147378041733e-07
1.553298163311670351e-07
1.534905699307793390e-07
1.529796671125690579e-07
1.531584824111373010e-07
1.540610761919326928e-07
1.525028306364869647e-07
1.538311941625839361e-07
1.517705401608639332e-07
1.524176807866491986e-07
1.508168599327421312e-07
1.517364787722337075e-07
1.532010740155393756e-07
1.518556891336889473e-07
1.513447980089819818e-07
1.511574623041919412e-07
1.525369031014634068e-07
1.510297381790743578e-07
1.512766787560134951e-07
1.518727274125402387e-07
1.513873753375654346e-07
1.506891415406893624e-07
1.510382661211094501e-07
1.510638010618744612e-07
1.505869599083910417e-07
1.501867536067688199e-07
1.495481335333741748e-07
1.501271474191006349e-07
1.521537340555109279e-07
1.505188478501752544e-07
1.493011980885837362e-07
1.497099227663056684e-07
1.494629828065236832e-07
1.494970477681687969e-07
1.487732694483514014e-07
1.489861426924627689e-07
1.500760706838783766e-07
1.489265365210355672e-07
1.495566548815726837e-07
1.482027601176534024e-07
1.484496956598897141e-07
1.476322607913971216e-07
1.487392054449238766e-07
1.468659091869994907e-07
1.489095090261928729e-07
1.488839652178544954e-07
1.480835651851261194e-07
1.478621645836548453e-07
1.493097339399745266e-07
1.475726548148616395e-07
1.471894863373433631e-07
1.473768124761980746e-07
1.471128472303462452e-07
1.472661209618309009e-07
1.452140043543944894e-07
1.472746327278530711e-07
1.473087020095980381e-07
1.466700675791798814e-07
1.464231296495199832e-07
1.470532448268256512e-07
1.456823314356370156e-07
1.479898913885335815e-07
1.455971801241113383e-07
1.455290599129252099e-07
1.455971826577037212e-07
1.455971820080646554e-07
1.460058983379245267e-07
1.463294768037875138e-07
1.456227225357257112e-07
1.453843075296390366e-07
1.471383965930986744e-07
1.451288569082212930e-07
1.444732027948702935e-07
1.454013373956643340e-07
1.446775655722376488e-07
1.466189819926252664e-07
1.444391426080723527e-07
1.450181656374687623e-07
1.444817167047014071e-07
1.442943875450250001e-07
1.447456849064110518e-07
1.446094470988360411e-07
1.431618966794953244e-07
1.439282451006615068e-07
1.438856741060590111e-07
1.438175513125575500e-07
1.442518182394841019e-07
1.432896213080831772e-07
1.440134033958072069e-07
1.440559700540688924e-07
1.440304297862634629e-07
1.425147616893290006e-07
1.438601299241781774e-07
1.428979327329216265e-07
1.435621068302290438e-07
1.425999073327537698e-07
1.423189132602991481e-07
1.426339691274084182e-07
1.425743629072582931e-07
1.424807034676892403e-07
1.425232730818087146e-07
1.425062449048449881e-07
1.434684401471843419e-07
1.414759304582600710e-07
1.428638772235249854e-07
1.421997054161952814e-07
1.418250481200240159e-07
1.413226608195015823e-07
1.426084317017739476e-07
1.408884034422694027e-07
1.412034519359752105e-07
1.411608827928440919e-07
1.411353345344780744e-07
1.404115601774589799e-07
1.401816591136853853e-07
1.427957624693070621e-07
1.415866320745148360e-07
1.406499776846560709e-07
1.417484109944260617e-07
1.401050200878931573e-07
1.421060422899245107e-07
1.406925548021068472e-07
1.401816608189879660e-07
1.414163374745060360e-07
1.406414668930925259e-07
1.406840406811430306e-07
1.401390848871285178e-07
1.406329527558877261e-07
1.402157157599504047e-07
1.401390820936805086e-07
1.398240280455606226e-07
1.407777061298734812e-07
1.397559079155793575e-07
1.394749143303540484e-07
1.403093814360545415e-07
1.396963022313814683e-07
1.406584978310222950e-07
1.391854039444037170e-07
1.390832254953368449e-07
1.392450093687460064e-07
1.395004602825013428e-07
1.392109497016593182e-07
1.400369071201826779e-07
1.384701447640119540e-07
1.395685812407724101e-07
1.387085648372833679e-07
1.392961019226796875e-07
1.396452183176474410e-07
1.393557114072661774e-07
1.384701483370268420e-07
1.383764811667528540e-07
1.388533225476099332e-07
1.392024357755872214e-07
1.384616327381341575e-07
1.383764805495957283e-07
1.383424227014984241e-07
1.389980807451658110e-07
1.381295476708796126e-07
1.389469921865124239e-07
1.390662064458021111e-07
1.382572758075184468e-07
1.380529132575247778e-07
1.372269600616553982e-07
1.375590474351286398e-07
1.379337057219994871e-07
1.375675602892962649e-07
1.382232152959009731e-07
1.375420138336786747e-07
1.377378582187053099e-07
1.366138826759717091e-07
1.366138856318294979e-07
1.389555055766322849e-07
1.374824155553661878e-07
1.377123178859359738e-07
1.372610221161656729e-07
1.368523051691486760e-07
1.371503266877230686e-07
1.361625888551186319e-07
1.367841845519381248e-07
1.376527178535980094e-07
1.369715179180275287e-07
1.366564580718789214e-07
1.364435827814044571e-07
1.367501224811868668e-07
1.370651782670912735e-07
1.375760825957123891e-07
1.360348646325552018e-07
1.360348663216167727e-07
1.364435864518652183e-07
1.359667456556832982e-07
1.356942691960024913e-07
1.359837751644070963e-07
1.367245812064408722e-07
1.363073474099759826e-07
1.361370459237930064e-07
1.356602069303595136e-07
1.354473331340549005e-07
1.356176320866454939e-07
1.357027854770162080e-07
1.360944767156979547e-07
1.367160689531894160e-07
1.354984224397932264e-07
1.356516921110336816e-07
1.355495127199901509e-07
1.358986268087392078e-07
1.355324818795062549e-07
1.353621835440727872e-07
1.348512836979612781e-07
1.352004031462326671e-07
1.354899075230215477e-07
1.351918840068070346e-07
1.347150453219520650e-07
1.353366392160231571e-07
1.346043504294617230e-07
1.344340520128233654e-07
1.348172268892865056e-07
1.375335144107988859e-07
1.348342551312141122e-07
1.347065300316379302e-07
1.344766279609237704e-07
1.347150454518799046e-07
1.338039433481493911e-07
1.348172255250444411e-07
1.347576221957881718e-07
1.342637525567624762e-07
1.342041474247577796e-07
1.339997887725985579e-07
1.345788070758706915e-07
1.345958358699915172e-07
1.349023779247155733e-07
1.341871184357452342e-07
1.344936591099862425e-07
1.343403897148423969e-07
1.344851429913822790e-07
1.336932488129605220e-07
1.341956342944935714e-07
1.338294890242001024e-07
1.341956334499627595e-07
1.340593937746754414e-07
1.342552378348825437e-07
1.337698846230393614e-07
1.334463153495692471e-07
1.341189985493786386e-07
1.335144361129485947e-07
1.336847352279489413e-07
1.336762192392727909e-07
1.331397767216913091e-07
1.341019696902939063e-07
1.336677070509852412e-07
1.334718609119331021e-07
1.327651182074467755e-07
1.340508890897191407e-07
1.331312627468962890e-07
1.331568073672834854e-07
1.343318769743616282e-07
1.330035379558986565e-07
1.333271060600184525e-07
1.329694791333427537e-07
1.331057168597129011e-07
1.328843294134328272e-07
1.327225439159260014e-07
1.332930476272459891e-07
1.334122567543870041e-07
1.323819444516110304e-07
1.329694782238480617e-07
1.324841241025101873e-07
1.327991787190642492e-07
1.321775861892352481e-07
1.332419565999641258e-07
1.327225443706733474e-07
1.327055142123104572e-07
1.319561961119169183e-07
1.331227515330673379e-07
1.326033359418943215e-07
1.325096704119589811e-07
1.325011547156204235e-07
1.323734296972491313e-07
1.325266995958632463e-07
1.324245221862189058e-07
1.321946155030673264e-07
1.321350117028227278e-07
1.321009507364578816e-07
1.321520414389202121e-07
1.319647113535081298e-07
1.316411439315093661e-07
1.321605569078851098e-07
1.326288798639195289e-07
1.321009501842646890e-07
1.323308568998982084e-07
1.321009512074462109e-07
1.318625320599104723e-07
1.319732268549549677e-07
1.316070826078430470e-07
1.321435266845583130e-07
1.315645088197925422e-07
1.314708435172308616e-07
1.317177787671296069e-07
1.317348082433714649e-07
1.320924396363157604e-07
1.316496585397024952e-07
1.314623290876884954e-07
1.316241144552675082e-07
1.317944135053039746e-07
1.324670969324870259e-07
1.309769766229302519e-07
1.308662814056203505e-07
1.312664845727340471e-07
1.317773834931098808e-07
1.311472757054486584e-07
1.316752034686682412e-07
1.310621248811522937e-07
1.311898498670416194e-07
1.309088558920328708e-07
1.306959819658004446e-07
1.307044984579468908e-07
1.309344016168064790e-07
1.315304495912122167e-07
1.314878761117402616e-07
1.308322222257629748e-07
1.309684623557976654e-07
1.306448926600621452e-07
1.313686643860429572e-07
1.312324267408777261e-07
1.306193499561102059e-07
1.307470728956364613e-07
1.305682571748028386e-07
1.308747975891882206e-07
1.303809292819226231e-07
1.306704364684004962e-07
1.308322223719317448e-07
1.304405354371088681e-07
1.303894433379225331e-07
1.300573599597295855e-07
1.309344022989275113e-07
1.302532033702975957e-07
1.304320203904093763e-07
1.301680541863398785e-07
1.305256832405835374e-07
1.302787494523727297e-07
1.302361741214294239e-07
1.301935991477876176e-07
1.298274554691098728e-07
1.310110389860191027e-07
1.300403309219940903e-07
1.302617192290459329e-07
1.294953723994954749e-07
1.304660793428930922e-07
1.303468696960408247e-07
1.298870608122472724e-07
1.298785459604395003e-07
1.300147849536058126e-07
1.295975517905390055e-07
1.301084503373723566e-07
1.298615157371127035e-07
1.298785465775966260e-07
1.307726209915926991e-07
1.294698296630615691e-07
1.293506184245935773e-07
1.297167616322829928e-07
1.294017079739465462e-07
1.296656720666890406e-07
1.296316118149271932e-07
1.296656716119416946e-07
1.296486426554110892e-07
1.295890400245168354e-07
1.292910137798181932e-07
1.293165586763019992e-07
1.299211213725876694e-07
1.296316116849993800e-07
1.293676480957271550e-07
1.296486423305915563e-07
1.292058660088254639e-07
1.292228941533072239e-07
1.293421037676775249e-07
1.290696249368141148e-07
1.294102234104294775e-07
1.294868581810858117e-07
1.295209187089442687e-07
1.291803190172556379e-07
1.289844750869763487e-07
1.292910143320114123e-07
1.291036843440451767e-07
1.299381528789516409e-07
1.289333854889004564e-07
1.285672418264636949e-07
1.293250741290259137e-07
1.290100200971470110e-07
1.288993264714528339e-07
1.288056607303847905e-07
1.285076363046755324e-07
1.288822950625347355e-07
1.289078410958869198e-07
1.286183314895034937e-07
1.285416967513291260e-07
1.290866545754657259e-07
1.288312059354471461e-07
1.286268470234322716e-07
1.288993269099591967e-07
1.290525944861136582e-07
1.286949659353402686e-07
1.284991231744113242e-07
1.289333854889004564e-07
1.282436732675965530e-07
1.284735776120474692e-07
1.283969432149335912e-07
1.284480318223099280e-07
1.284906080952298659e-07
1.283969426789813818e-07
1.283032791142042219e-07
1.281244637181901321e-07
1.287630864388639899e-07
1.283628827845210073e-07
1.282096129833527390e-07
1.276050506118865752e-07
1.289589323667834261e-07
1.280818881273912000e-07
1.282181283873537038e-07
1.282521886066336111e-07
1.281585236451324466e-07
1.282266435964629753e-07
1.280393142256538653e-07
1.281840686877850490e-07
1.279371347046825215e-07
1.282096148023421231e-07
1.281244650337092468e-07
1.282521888015253308e-07
1.280052553381340560e-07
1.283799131702575573e-07
1.280563448387641016e-07
1.277412910992227652e-07
1.278690154029910851e-07
1.275028716755904170e-07
1.282947637102032306e-07
1.280052546235310837e-07
1.274688115537563563e-07
1.278945592762933691e-07
1.280052562151468080e-07
1.277753501004294044e-07
1.277242603237027758e-07
1.277157458616784431e-07
1.276816864544473811e-07
1.275880214279823100e-07
1.277753505389357937e-07
1.273921773352932676e-07
1.276135660483695065e-07
1.278434702953745761e-07
1.275284166857610529e-07
1.275199013954469180e-07
1.277072316270277967e-07
1.276220820695276234e-07
1.277072327638961749e-07
1.274006924469566396e-07
1.275795068035482242e-07
1.270941541114162944e-07
1.274773266816607380e-07
1.275880219152116226e-07
1.276050511965617608e-07
1.273410872175060963e-07
1.272048483542675972e-07
1.274006923170288264e-07
1.273155424022271802e-07
1.274773273150588204e-07
1.272389079076674555e-07
1.273836625159674356e-07
1.272729683055980993e-07
1.271878180659768938e-07
1.272899977493580173e-07
1.275028717080723571e-07
1.269919744280351974e-07
1.269068243833057116e-07
1.270430638312193699e-07
1.270771234983060581e-07
1.271537587886736450e-07
1.269834594462996121e-07
1.272133637582685619e-07
1.270941548260192932e-07
1.271026688657782199e-07
1.270515789753647348e-07
1.268812801851838946e-07
1.272048478345563446e-07
1.272474236852109029e-07
1.269919742981073842e-07
1.269579145985387295e-07
1.269408847649953721e-07
1.269749443346362137e-07
1.268727653333761225e-07
1.265747405828473580e-07
1.267535554266682287e-07
1.267365255281609912e-07
1.264299866729093670e-07
1.271367294098776601e-07
1.266513757108051652e-07
1.266769212731690202e-07
1.268046457718290598e-07
1.265406817927734218e-07
1.267024662508577160e-07
1.268557352399771653e-07
1.265662265106064913e-07
1.266002861776931795e-07
1.264895918049140636e-07
1.263788973834120244e-07
1.264385024666937977e-07
1.264981068516135554e-07
1.264214717561376883e-07
1.264895915288174541e-07
1.266598909686373600e-07
1.267024660234840562e-07
1.264725618089609531e-07
1.266854359300850725e-07
1.264470170911278835e-07
1.266598911472880965e-07
1.260808739159204346e-07
1.264725619064068262e-07
1.267024657961103700e-07
1.262256277933764591e-07
1.263618671113623043e-07
1.264044427021612363e-07
1.262767178137177573e-07
1.263788978544003537e-07
1.262511724462456220e-07
1.261319633840685137e-07
1.262767175538621310e-07
1.263618674361818371e-07
1.262256283455696782e-07
1.262000828156877633e-07
1.260297838630971699e-07
1.264640470221170875e-07
1.260723584469555368e-07
1.261745384551561931e-07
1.259361192913794448e-07
1.262341431324135172e-07
1.262852328604172491e-07
1.261660234409386414e-07
