5.851113700866699130e-01
3.394723356791904956e-01
3.078983215263911832e-01
2.902273085798536267e-01
2.768040741767202051e-01
2.658917835695402965e-01
2.559412005458559514e-01
2.475311751110213232e-01
2.389386408754757551e-01
2.316546635414872823e-01
2.252093044178826442e-01
2.188142224975994643e-01
2.124900880626269806e-01
2.059088693899767675e-01
1.991788250803947502e-01
1.920349209776946453e-01
1.841591268969433592e-01
1.762906099600451415e-01
1.680239742185388185e-01
1.590009697760854379e-01
1.505125506392546997e-01
1.420895650918994613e-01
1.343261562926428565e-01
1.258642187672001922e-01
1.188832057969910760e-01
1.124391525834798761e-01
1.059705154789345599e-01
1.012303972010101527e-01
9.681817901985985408e-02
9.145303401989596237e-02
8.698229076926197734e-02
8.357569686962025568e-02
8.037218689279897188e-02
7.725075964150683594e-02
7.325823005288839562e-02
7.081266804890973265e-02
6.855329226968544243e-02
6.566057099455169244e-02
6.357645263416426828e-02
6.117908405512571118e-02
5.876717367395758312e-02
5.697880183000649662e-02
5.543316203621881377e-02
5.361135746378983824e-02
5.176439365105969803e-02
5.011473762377031960e-02
4.865190588104139485e-02
4.703282863540309000e-02
4.559234042811606546e-02
4.386401867640337543e-02
4.295417659490236018e-02
4.129971730190196144e-02
4.045117991517430817e-02
3.907237587057586087e-02
3.776644303988931778e-02
3.704461187935833427e-02
3.577210809902420935e-02
3.465080966926845085e-02
3.340330671731914919e-02
3.262961026068244424e-02
3.166471839922347514e-02
3.116091421446097812e-02
3.005290439259260954e-02
2.911456412755485113e-02
2.865836736054292594e-02
2.746259178873151560e-02
2.662430444632523860e-02
2.597767849492707559e-02
2.534042600169778003e-02
2.445070546845506260e-02
2.341410524457959025e-02
2.348710442088278172e-02
2.269154988255884034e-02
2.214260360625173313e-02
2.129585361913112485e-02
2.071608722464381158e-02
2.075836417541307086e-02
1.949930053749786979e-02
1.906689660962937113e-02
1.867780539619603303e-02
1.808543684543110347e-02
1.751595198185116470e-02
1.705439003412279053e-02
1.677327983310845233e-02
1.633331599928039557e-02
1.580246228511844250e-02
1.519855921778694857e-02
1.495949710230343004e-02
1.463218527248994101e-02
1.425895471785250737e-02
1.395336577598105254e-02
1.339826332240564959e-02
1.316063603491056735e-02
1.270629141443142991e-02
1.250695337777558112e-02
1.224704920306768537e-02
1.183490752286577019e-02
1.155131071955630903e-02
1.131178403974211419e-02
1.105207731029284914e-02
1.077194985473345530e-02
1.067026300088036797e-02
9.962311654559536517e-03
1.000724725929155387e-02
9.694681751109393564e-03
9.483038260006911024e-03
9.189671322004868900e-03
8.791926685221759796e-03
8.743557695166340182e-03
8.627409380041561535e-03
8.347294527721324867e-03
8.080342878026256642e-03
8.031291154263141621e-03
7.851568035870773107e-03
7.558715658707244704e-03
7.384259202263950168e-03
7.201448122039437634e-03
7.017889655003922873e-03
6.822845881838085318e-03
6.617441898078790970e-03
6.513129414474991101e-03
6.365071635942773191e-03
6.230162731837481267e-03
6.093656483106314747e-03
6.008977274094442003e-03
5.804965163287956545e-03
5.603236220175208948e-03
5.588553757413007757e-03
5.414899316167325755e-03
5.464190738774570011e-03
5.217128432379728072e-03
5.049948680980638482e-03
4.855059382288475292e-03
4.904795599374275894e-03
4.741861501773071003e-03
4.585704219205321772e-03
4.550830914384277996e-03
4.333961457967234338e-03
4.334116509440978822e-03
4.288259268842271356e-03
4.031848371639560474e-03
3.991338718678369944e-03
3.915893228705889448e-03
3.869286310114797983e-03
3.803691880241136161e-03
3.696014496435444472e-03
3.647779290791471930e-03
3.502946292481543163e-03
3.465663301252269561e-03
3.355001533655532775e-03
3.336355417610840490e-03
3.256475363611181090e-03
3.177322797811679353e-03
3.137136053746092217e-03
3.084073181961554874e-03
3.014340096590266069e-03
2.944574227533978787e-03
2.810915035681578553e-03
2.760344805079252475e-03
2.720583874327725613e-03
2.724942406499914187e-03
2.598045153215675172e-03
2.541477914793046754e-03
2.545764019615035130e-03
2.442741631887721844e-03
2.403972728751926306e-03
2.332880280062941437e-03
2.315599340111085779e-03
2.262291152128471320e-03
2.186789793189486061e-03
2.103432742173026726e-03
2.147517816366546674e-03
2.040272401992687060e-03
2.030669735136273607e-03
2.021382430510129669e-03
1.957001415033248967e-03
1.885794014333928891e-03
1.814634389657840147e-03
1.819687691833158641e-03
1.744046755426292448e-03
1.759967629324039797e-03
1.766953499486979698e-03
1.678178740300089464e-03
1.633178360379263644e-03
1.605339647385595333e-03
1.585710087315484428e-03
1.513771464654382806e-03
1.504862852464871736e-03
1.496231916749106309e-03
1.426832298631649848e-03
1.436726029626567841e-03
1.380504299048880123e-03
1.356764209230472461e-03
1.334075426147933235e-03
1.344425205441633978e-03
1.270965989705538429e-03
1.241945111174313186e-03
1.193121749856735411e-03
1.154543399454658866e-03
1.182884579813812129e-03
1.165091155849105583e-03
1.120855527437990013e-03
1.093806467873232029e-03
1.075822941402033734e-03
1.019393800756071425e-03
1.028663735165991858e-03
9.908021873697764239e-04
9.946353861587989547e-04
9.696413493764534765e-04
9.413622731402548297e-04
8.868624405986663640e-04
8.995359021196236036e-04
9.149110771982122553e-04
8.546773445766900736e-04
8.404491907442337246e-04
8.224758301173389378e-04
8.238303123056312308e-04
8.022444137812141792e-04
7.905678431714023222e-04
7.627782586786712371e-04
7.763966067332473547e-04
7.281545330472779295e-04
7.288030775631730964e-04
7.049830842110428250e-04
6.764137057107291696e-04
6.640960236858453646e-04
6.512724490407890846e-04
6.486617380998528594e-04
6.348031466703624604e-04
6.452690996098421486e-04
5.937204048863610386e-04
6.054067511182178183e-04
5.709737105936970670e-04
5.663623039510119793e-04
5.590362798634162470e-04
5.414786943348904409e-04
5.616004483778657503e-04
5.241768807346878752e-04
5.192658471479976758e-04
4.855050027410600451e-04
4.793474398921456891e-04
4.798056992334685214e-04
4.672717270281217389e-04
4.428816903251312637e-04
4.532131960863158035e-04
4.434629538769903519e-04
4.390961208730134605e-04
4.100476159355496606e-04
4.196736952274022505e-04
3.905696167204431133e-04
4.020690551464797921e-04
3.864714189440487165e-04
3.837487717930798572e-04
3.852827332493364404e-04
3.618157655755892287e-04
3.594745009695868125e-04
3.406553854732854904e-04
3.576894418808283793e-04
3.363470908374698400e-04
3.278393464697728645e-04
3.265818406127891710e-04
3.340130003895995145e-04
2.952043908075795771e-04
3.185124960765668852e-04
2.905778576615440862e-04
2.881633036830797941e-04
2.893793288975367913e-04
2.721395202819231938e-04
2.687801018507473302e-04
2.762638827661833478e-04
2.616955773926942517e-04
2.532781735955852908e-04
2.420893533485793381e-04
2.411249467781999517e-04
2.315604113993491157e-04
2.357234097285397447e-04
2.276346912943998666e-04
2.208998325411682350e-04
2.148632912028785756e-04
2.070163634793971050e-04
2.101110535130438985e-04
2.129986104542760190e-04
1.984464406855944787e-04
2.024185852051232372e-04
1.935485622132416302e-04
1.844078219581076275e-04
1.799507281130965182e-04
1.775067689030882716e-04
1.783153561896792219e-04
1.653820066464309878e-04
1.719353083237820190e-04
1.659844890059990392e-04
1.609716594028895919e-04
1.538102442263412375e-04
1.553989591771239357e-04
1.474436291156442681e-04
1.572151362514984650e-04
1.437025968234268347e-04
1.419446745817042933e-04
1.348670881121571594e-04
1.351758023180796688e-04
1.318187049638644285e-04
1.283489048008082769e-04
1.325233367278672470e-04
1.263046639433988651e-04
1.259244838740544541e-04
1.193609451203688578e-04
1.188502319631652444e-04
1.153708780426053947e-04
1.182134975511936741e-04
1.148159596808682114e-04
1.070011793389247608e-04
1.131847879007636949e-04
1.074238086092853831e-04
1.018519813965212977e-04
9.864150054246627341e-05
9.552885683985680866e-05
9.450975236632075990e-05
9.537388298193555727e-05
9.204411604673624122e-05
9.097648525226174410e-05
8.840930329139544332e-05
8.507207752940562629e-05
8.416264775368226074e-05
8.016290642025784396e-05
8.115938822933393471e-05
7.937169597565636129e-05
7.680451512387013275e-05
7.624971978088979248e-05
7.484914944502308947e-05
7.196183981214484540e-05
7.158405929002193216e-05
7.061021521979325710e-05
6.760129045460416711e-05
6.388155727112072228e-05
6.650556201069385710e-05
6.258042671700942490e-05
6.262198681122299582e-05
6.101277263223892040e-05
6.145540936508301039e-05
5.819066818311771931e-05
5.750334865248467856e-05
5.613262115410374935e-05
5.612721945614599088e-05
5.302948891234596874e-05
5.414163964301873643e-05
5.337087676447741153e-05
4.931318510102755735e-05
5.367790738536573934e-05
4.735136876355941677e-05
4.644127998874734753e-05
4.655607276007296338e-05
4.584675289623061804e-05
4.362628240164667599e-05
4.431524964083369912e-05
4.270306149753975468e-05
4.256239514797600937e-05
4.014140620863924940e-05
4.199833134979209353e-05
4.076914369108765611e-05
3.977986529529127014e-05
3.702191002272619153e-05
3.820643005370324687e-05
3.617125899875515797e-05
3.578903265734620023e-05
3.448570464482665198e-05
3.420273901364063589e-05
3.469235476310521715e-05
3.400498487914254336e-05
3.177082089048001711e-05
3.169705277113215496e-05
3.003593017339361445e-05
3.067497556444972377e-05
2.940900269849017990e-05
2.941218082937017037e-05
2.780105252772305691e-05
2.920788921220004436e-05
2.711365808418772210e-05
2.633949575631179901e-05
2.631009524100136191e-05
2.599284583024135526e-05
2.503579133105761695e-05
2.508473623990020078e-05
2.474368075825493301e-05
2.363168332387236432e-05
2.315251853003376519e-05
2.284285503727850075e-05
2.160806779737153472e-05
2.223710126315836479e-05
2.070327407232395666e-05
2.115506781545458981e-05
2.080097202464717778e-05
1.949196640517974113e-05
1.916666837712455003e-05
1.905915371116861874e-05
1.874213283096131587e-05
1.846744767976815581e-05
1.923815665197383068e-05
1.720001714521198895e-05
1.625423563057535817e-05
1.687450938741871489e-05
1.705527863938576688e-05
1.665085568346772436e-05
1.563254327298376788e-05
1.521726749680445664e-05
1.595613071547826798e-05
1.513828437094032031e-05
1.458711681800650720e-05
1.385266343956053378e-05
1.424468233353439175e-05
1.393512268368470163e-05
1.376154424204807130e-05
1.297598100256891418e-05
1.305994184362394348e-05
1.252646994453243609e-05
1.278714733301252974e-05
1.209421748259436372e-05
1.231293521763226229e-05
1.152565673537862617e-05
1.204863851260792495e-05
1.068122767604303894e-05
1.099367545670507551e-05
1.048281590200466388e-05
1.047448388560821638e-05
1.037566418689753637e-05
1.020242332039547950e-05
9.914621154556308569e-06
9.673192041158732509e-06
9.120997450038104904e-06
9.177102845732015856e-06
9.754975973253620055e-06
9.321135227342633710e-06
8.513706680949846648e-06
8.279799862391103529e-06
8.368222335353233074e-06
8.128910769658301936e-06
8.675548574030601191e-06
7.996427684572284523e-06
8.115488909863544960e-06
7.685997455804941718e-06
7.734071303031798435e-06
7.410331899953754655e-06
6.999164808170072435e-06
7.385706368982677318e-06
6.903812309815293295e-06
6.897146829487610545e-06
6.840270900511313419e-06
6.674384155579511367e-06
6.266478927549152166e-06
6.394017994450352965e-06
6.175981146498088235e-06
5.848789174771290122e-06
5.751606887640394403e-06
5.963005215189046197e-06
5.727626297081249952e-06
5.688491677752998764e-06
5.483114149813315574e-06
5.406454861339884973e-06
5.495100808502684075e-06
5.230877849726311884e-06
5.051057490585922727e-06
5.037658318347634027e-06
4.846678330587954861e-06
4.770572941911917897e-06
4.577309828294216750e-06
4.635684230736712102e-06
4.496855253007327133e-06
4.550720207134872671e-06
4.535513940952893628e-06
4.229038734998929443e-06
4.284727855016561785e-06
4.087556205133426218e-06
3.915509371284185736e-06
4.070598300456498046e-06
4.086998052262710793e-06
3.750351353703860821e-06
3.742640752420811457e-06
3.647794968401285668e-06
3.631905642026010518e-06
3.544089899914329686e-06
3.516235932953090160e-06
3.389469448945549694e-06
3.339338955990050130e-06
3.327513382406063315e-06
3.284483250013181603e-06
3.100897005944196806e-06
3.150047025558576011e-06
3.006840982574691062e-06
2.894708261643635140e-06
2.925045308724552807e-06
2.919222302970021016e-06
2.797760667574168765e-06
2.762743359653541066e-06
2.622699630072539935e-06
2.621798550746591852e-06
2.630366228377819619e-06
2.639545229694054508e-06
2.534628194731729997e-06
2.459127026603320270e-06
2.450069592344204409e-06
2.378246796053775027e-06
2.280036429478319178e-06
2.251989176280793446e-06
2.333527498746791880e-06
2.260647065311007156e-06
2.092106066844020932e-06
2.270959547412790759e-06
2.029099815721175758e-06
2.178712953065899452e-06
1.956755349705677730e-06
1.960242125294696012e-06
1.941157856614544166e-06
1.863350803757514661e-06
1.844538516317178305e-06
1.755915871090759865e-06
1.812641607135187163e-06
1.808000314732843130e-06
1.787379172112325961e-06
1.777598080025200030e-06
1.621160053917135167e-06
1.672028652803549245e-06
1.775203045505285112e-06
1.576636035419401831e-06
1.513259665492634245e-06
1.488194249093664475e-06
1.543251983353652030e-06
1.489986633682097453e-06
1.438060048258194028e-06
1.496654987655736998e-06
1.485267332473735437e-06
1.393620304513985573e-06
1.359745974208895679e-06
1.351922823606141034e-06
1.311469095851082694e-06
1.275589984922070111e-06
1.299513128580136875e-06
1.259859665180686430e-06
1.224741232736700304e-06
1.218999788436901469e-06
1.224171906236344018e-06
1.161827856175737605e-06
1.175978437735076441e-06
1.184921326934532448e-06
1.135058378996031277e-06
1.097784124324009907e-06
1.073212695457316630e-06
1.059966240518406346e-06
1.054568370461440960e-06
1.071333698827662011e-06
1.040819370099857789e-06
1.029741777025654823e-06
9.671070264565580582e-07
9.785524309791072590e-07
9.558529849463021889e-07
9.633371803537166542e-07
9.463316917260402438e-07
9.524828399532582819e-07
8.971671799307452301e-07
8.969741081403168743e-07
8.516158634555332337e-07
8.573766565242684598e-07
8.573392430467460341e-07
8.575118560624364559e-07
8.123372195671306489e-07
7.869345344520946794e-07
8.077811640012961571e-07
7.794661778624296040e-07
7.788282159383795511e-07
7.484100107798700101e-07
7.562356547136265403e-07
7.558706372817271148e-07
7.293963451664759973e-07
7.108586391138618087e-07
7.008243402424340828e-07
7.012586191876835361e-07
6.810256111943350518e-07
6.776466424623451833e-07
6.843827947997332661e-07
6.664838325605160063e-07
6.451917365828713957e-07
6.518357218315681719e-07
6.509600124380605497e-07
6.242959509726070884e-07
6.337074089352816529e-07
6.069937728138288677e-07
6.095990860006038541e-07
6.064498342409154013e-07
5.916920698772238625e-07
5.864052834730110538e-07
5.684268526238156559e-07
5.679502559457563036e-07
5.489177485904812305e-07
5.643331858859060795e-07
5.556542438723356893e-07
5.385641208022207646e-07
5.211397923078818714e-07
5.113994604114071185e-07
5.260719770408936091e-07
5.143722930012830159e-07
5.111103667364399644e-07
5.049284884047925226e-07
4.992230011891609065e-07
4.918493662801536361e-07
4.774752763978539968e-07
4.763933269324687544e-07
4.694445695382195619e-07
4.689941599898312855e-07
4.730722866627599976e-07
4.499449463537530527e-07
4.514345845986359481e-07
4.413275529324372237e-07
4.492040441001725823e-07
4.303256084930191456e-07
4.289801836746067343e-07
4.278733018411782978e-07
4.274646230929387633e-07
4.236076080457808317e-07
4.114469688342329110e-07
4.191114709166348465e-07
4.054523699486318345e-07
4.001138180943338809e-07
3.994665044859045665e-07
4.044478522960811497e-07
3.818818676596232799e-07
3.906108779087194782e-07
3.742868348289058616e-07
3.828621475707092878e-07
3.809037035580331559e-07
3.673047598990056896e-07
3.543356720164021101e-07
3.599811477183071299e-07
3.536120787462745354e-07
3.634388361238701943e-07
3.497293205815107406e-07
3.494568597131676966e-07
3.477963742690397991e-07
3.356961550155444809e-07
3.351085956637689251e-07
3.304675838567813313e-07
3.356621161044261150e-07
3.316855327934068341e-07
3.299061259797651737e-07
3.264405970802337122e-07
3.238516548305727108e-07
3.228301101216857209e-07
3.224721527236137612e-07
3.122453178515830093e-07
3.041728273274202560e-07
3.109510518015667756e-07
3.090181080064472073e-07
3.037557666435272550e-07
2.989108125055801509e-07
2.972672643376686677e-07
3.020016902967524547e-07
2.901485445201095697e-07
2.919796599891404905e-07
2.912983443203691914e-07
2.861296178155368962e-07
2.850225686188423161e-07
2.796750057346538696e-07
2.812845316222072816e-07
2.805861376568178447e-07
2.810801606593875921e-07
2.745149603567499823e-07
2.706917330702448497e-07
2.734250668936510759e-07
2.716965334457199610e-07
2.662126462057910643e-07
2.655995493471762010e-07
2.624660361009643825e-07
2.641350645262719162e-07
2.558583529759873808e-07
2.605757953558298203e-07
2.592473485947266712e-07
2.562415562741599514e-07
2.477945182915521302e-07
2.528865623422202160e-07
2.504257255395714259e-07
2.513028923171337303e-07
2.489611546902129277e-07
2.438264791148217940e-07
2.455636042181400285e-07
2.402927783415569917e-07
2.434518084198446587e-07
2.392879383056164805e-07
2.391517157483187166e-07
2.386067961229595526e-07
2.382662715945116481e-07
2.368186516150672067e-07
2.334466062166029602e-07
2.315903329710116356e-07
2.329868704334460542e-07
2.320075941984864001e-07
2.281843103933819662e-07
2.281163391444351994e-07
2.247868765152816276e-07
2.248208770814536817e-07
2.250168371834401256e-07
2.230667813267116138e-07
2.198566273331640033e-07
2.217214030062158289e-07
2.216788851358485096e-07
2.194734662452901724e-07
2.180854590635915091e-07
2.179663019400582756e-07
2.156416754652517244e-07
2.126613737963063186e-07
2.133681565023185348e-07
2.112053143881504577e-07
2.101239472105070127e-07
2.101239429228891259e-07
2.091872840180388142e-07
2.067349443645330829e-07
2.071606926067813219e-07
2.053980556411261315e-07
2.061303623090030419e-07
2.053214376798808019e-07
2.039164391557538364e-07
2.023582333419783717e-07
2.057046489523730036e-07
2.001869318876612853e-07
1.997355727943223700e-07
2.023412125871410837e-07
1.997866503740754402e-07
1.995737861599471659e-07
1.978622813599681068e-07
1.978111857852127304e-07
1.983817010438672638e-07
1.944392421039862803e-07
1.941667663101855224e-07
1.926255220691278481e-07
1.943711112387193679e-07
1.922509095006067218e-07
1.897474556601862086e-07
1.911864929655036738e-07
1.869970838827482240e-07
1.906926427994091789e-07
1.898156170584895548e-07
1.875505620319017844e-07
1.885723990946124627e-07
1.857368678526784597e-07
1.856943138623786884e-07
1.854643974671229835e-07
1.852004458474506837e-07
1.831823954522146205e-07
1.833526647812634987e-07
1.825607929179438747e-07
1.824586097752346931e-07
1.821605694496091489e-07
1.815815592993073565e-07
1.796741783144690370e-07
1.797848972923280258e-07
1.786268411966115483e-07
1.786183299340596739e-07
1.783288105993311392e-07
1.785416948385838068e-07
1.774092039568131478e-07
1.775880246798676296e-07
1.749738967191660800e-07
1.773921650932866973e-07
1.760212485188666132e-07
1.763278109884985020e-07
1.769494087966449982e-07
1.744119128456337137e-07
1.732879469500403582e-07
1.732027874855443133e-07
1.716019572118706869e-07
1.728962429784327643e-07
1.711847170002199239e-07
1.712869167412074071e-07
1.712102790958982004e-07
1.716615785848521857e-07
1.706653219214006397e-07
1.704609516407020090e-07
1.694391593543644197e-07
1.701033397856528206e-07
1.683322075548078622e-07
1.682215109570149395e-07
1.677702230478774135e-07
1.672252496161620673e-07
1.674040825849130838e-07
1.664589051090713156e-07
1.656329486325245879e-07
1.660501817143865316e-07
1.647303536498969112e-07
1.650283925138345178e-07
1.635893552085170526e-07
1.653264140486498937e-07
1.628655725036358973e-07
1.638788632882486609e-07
1.628315229059548338e-07
1.627208218906162112e-07
1.632487500436192334e-07
1.619885395517225641e-07
1.623206170506819005e-07
1.608219703744648017e-07
1.611114873704926733e-07
1.605835516167124761e-07
1.613328865102760363e-07
1.603451381697595856e-07
1.601578197453688525e-07
1.597235467118350297e-07
1.590082865894666082e-07
1.598427567484707631e-07
1.579353927516941847e-07
1.578332135880243403e-07
1.591189918437001943e-07
1.589742238365943180e-07
1.579694609290527400e-07
1.575862870757711218e-07
1.573138050779172198e-07
1.570753839489822910e-07
1.565900212524086695e-07
1.566155714272099441e-07
1.564197294133659121e-07
1.550573364608810934e-07
1.554149527009940416e-07
1.546826795869752074e-07
1.552361421123090912e-07
1.545293996676783910e-07
1.544953369148061008e-07
1.547082131472572236e-07
1.537545336987023005e-07
1.540610777023435538e-07
1.539078095415139331e-07
1.538396889730263052e-07
1.531755188385172153e-07
1.534480058548329596e-07
1.527071931215167272e-07
1.522729287769055079e-07
1.524176858538339643e-07
1.521792658942493802e-07
1.515406411596943921e-07
1.514810336889890324e-07
1.511574666080507848e-07
1.506721123243031308e-07
1.506380503509977459e-07
1.512596494096994503e-07
1.503740866642796742e-07
1.500079417025647548e-07
1.496503129568996720e-07
1.499057657221263590e-07
1.491309012148381796e-07
1.499483387793329082e-07
1.493948696764034242e-07
1.492756549298844245e-07
1.487392110805428447e-07
1.492245669234242565e-07
1.486881234963480562e-07
1.482538581610372551e-07
1.484582171380160097e-07
1.478536545066942460e-07
1.483134654368508951e-07
1.476407836987293883e-07
1.470958213108782920e-07
1.490457555226904607e-07
1.468573980056524797e-07
1.469851283348232071e-07
1.469510668325061251e-07
1.461080816592844448e-07
1.461336234537416920e-07
1.465253168362323821e-07
1.465508623011503905e-07
1.457589721180089010e-07
1.461847199055097939e-07
1.453161902093467903e-07
1.454183677489189439e-07
1.454353999374039477e-07
1.452395536359420288e-07
1.448478654018409942e-07
1.452991603108395264e-07
1.454864932221815843e-07
1.447031103712756082e-07
1.442092387346097657e-07
1.441155760955682810e-07
1.440389424617803515e-07
1.433662590995611803e-07
1.447371711265077514e-07
1.437068590835874040e-07
1.431704146495706385e-07
1.431789291765588778e-07
1.432896243613868126e-07
1.426680304348337805e-07
1.435706186612151205e-07
1.427020917585000996e-07
1.428553585226057157e-07
1.427616950227924623e-07
1.421401029964337306e-07
1.418505934550142111e-07
1.422167357856908746e-07
1.416632623301795972e-07
1.422167411127312666e-07
1.422337678929709885e-07
1.416632649287359131e-07
1.415866293785127000e-07
1.416036586761037950e-07
1.412204849365090331e-07
1.412375154359324395e-07
1.410927602104753338e-07
1.412204845954485170e-07
1.407436458943526171e-07
1.404626519193438420e-07
1.401816580742628801e-07
1.403434419476720152e-07
1.403264115944174317e-07
1.402838379525356969e-07
1.398921495397839258e-07
1.402668077616908666e-07
1.399262092068706140e-07
1.400539331533374346e-07
1.394919453170067408e-07
1.397644248299911832e-07
1.399262089145330212e-07
1.393386751585369731e-07
1.390065915854523058e-07
1.391258016058470295e-07
1.392194659177091283e-07
1.389129319997144831e-07
1.387341137452884776e-07
1.389980775944163025e-07
1.384531201438221587e-07
1.386915397785872099e-07
1.388022332093896672e-07
1.383509388850662942e-07
1.382743049589407719e-07
1.382232156532024460e-07
1.380614302206595267e-07
1.380188566924646483e-07
1.377548907482508033e-07
1.378230096276768338e-07
1.377463779103241614e-07
1.380699455272146449e-07
1.375420170656330466e-07
1.374483521203728653e-07
1.374142926481778968e-07
1.374994420432683169e-07
1.370311175118591303e-07
1.369289404107933395e-07
1.369544837319024044e-07
1.370736928590434193e-07
1.368523045844735168e-07
1.367501248686104533e-07
1.369629995256868086e-07
1.366394311617114128e-07
1.364265554814535091e-07
1.362988308203836898e-07
1.365883409464783684e-07
1.361625911938192950e-07
1.362988321846257543e-07
1.362051668008591838e-07
1.358134773811668477e-07
1.359922921925057518e-07
1.359071439342837365e-07
1.358390241453629875e-07
1.356942686113273321e-07
1.355409980630741250e-07
1.354984234954567149e-07
1.358390237393385648e-07
1.356516925332990875e-07
1.353621840962659798e-07
1.351493109496004854e-07
1.352174305111475482e-07
1.350301022447248500e-07
1.350726754156182556e-07
1.350982200197644687e-07
1.350301029430868655e-07
1.344851426665627461e-07
1.350386164793754964e-07
1.345106879365890347e-07
1.345873227072453425e-07
1.347916817654290134e-07
1.344425680502224391e-07
1.348001978353100271e-07
1.343148440387916856e-07
1.344340525812575413e-07
1.340423646394940731e-07
1.342637541808601670e-07
1.343914791667495192e-07
1.337443400676160451e-07
1.341275146030186956e-07
1.338976102585677793e-07
1.340253351145292918e-07
1.339146409204009388e-07
1.337784005467516052e-07
1.338209751630919122e-07
1.336677059790807695e-07
1.333867120040719945e-07
1.336166171280897897e-07
1.333781973146740021e-07
1.332249276596745037e-07
1.334207723045567917e-07
1.333100778180908459e-07
1.332845328728840901e-07
1.330631430879033531e-07
1.331142338878115567e-07
1.326714553572726143e-07
1.329694781913661217e-07
1.329694782563300282e-07
1.329098750407605888e-07
1.328587834937674729e-07
1.325863056048806948e-07
1.324245209194227144e-07
1.324415514026051375e-07
1.325437306312388885e-07
1.325011558200068353e-07
1.324245210818324676e-07
1.324415505255923855e-07
1.324330362909417391e-07
1.321435265221485334e-07
1.324585813660762815e-07
1.320924373138560806e-07
1.317603549101217316e-07
1.319902579877764565e-07
1.322371929128556690e-07
1.319817428436311180e-07
1.317348083408173115e-07
1.317177790269852332e-07
1.317944137976415410e-07
1.317773834768688976e-07
1.318284735296921358e-07
1.315645095181545313e-07
1.317348095264086131e-07
1.314963894368962159e-07
1.316752051252478721e-07
1.315985701596998446e-07
1.314878754296192558e-07
1.314197547961677213e-07
1.315815398064452347e-07
1.315134199525605791e-07
1.313686655878752421e-07
1.313686660751045546e-07
1.311557914667511226e-07
1.310791565174440519e-07
1.310450976786471923e-07
1.310195517264998714e-07
1.310450967041885672e-07
1.311983668139354116e-07
1.308322230053298537e-07
1.309429173131450366e-07
1.308747973942965009e-07
1.307470727981905882e-07
1.308151925221474306e-07
1.306704386934143294e-07
1.307470729930823079e-07
1.305597439146107908e-07
1.307300430296111639e-07
1.303298396676057476e-07
1.307981632732792589e-07
1.303298397650515942e-07
1.303468698584505779e-07
1.300233013320654024e-07
1.304149908167216452e-07
1.305171694444392802e-07
1.303724148686212402e-07
1.300233015269571222e-07
1.300914207312026855e-07
1.300829058469129734e-07
1.302191462368032903e-07
1.298019127813988903e-07
1.300062705403044033e-07
1.300999355018055678e-07
1.299296365979379242e-07
1.300743910600691078e-07
1.300488461148623785e-07
1.298530026718123754e-07
1.301084511169392620e-07
1.297252775884771766e-07
1.296656723590266334e-07
1.296316126919399451e-07
1.296230979700599862e-07
1.297167627041874645e-07
1.296060680715527222e-07
1.294868588144838942e-07
1.294613137718312918e-07
1.294953734064360400e-07
1.294442838733240543e-07
1.293421041574609908e-07
1.294017088996822215e-07
1.294187387657075189e-07
1.292399248151403835e-07
1.293761636296559593e-07
1.291888354606791343e-07
1.291803200566781430e-07
1.292228948841511795e-07
1.293165596020376745e-07
1.292569546324427576e-07
1.292910146081079954e-07
1.291462598698802022e-07
1.290185353387382225e-07
1.289163556878390656e-07
1.290525955742590867e-07
1.290015054727128987e-07
1.287886320012278449e-07
1.289759613070730482e-07
1.289674460654818367e-07
1.287205118874875895e-07
1.288397217292315768e-07
1.287716021676845140e-07
1.286098177096001933e-07
1.284650631175411701e-07
1.285842722122002449e-07
1.286183326913357786e-07
1.286268474456976776e-07
1.284310031256349489e-07
1.284906079003381461e-07
1.283288237345914183e-07
1.284735784240962882e-07
1.284565479733958316e-07
1.283458539254362486e-07
1.283373390411465364e-07
1.283032787244207824e-07
1.283373384564713772e-07
1.281585241973256657e-07
1.283288237670733848e-07
1.282521891588268302e-07
1.280393154599680902e-07
1.283799144857766721e-07
1.280478303117758623e-07
1.282010993658591918e-07
1.280648596580899072e-07
1.280648597230538137e-07
1.279797104903731733e-07
1.278775304821725170e-07
1.280478298895104564e-07
1.279115908638622040e-07
1.278519865926292761e-07
1.279456504659849857e-07
1.278179260322888526e-07
1.277498065194647132e-07
1.277923811033230801e-07
1.278349559632780566e-07
1.279286209247792211e-07
1.277498064057778833e-07
1.278775310343657361e-07
1.276731713427839827e-07
1.278349560120010064e-07
1.275113872095191949e-07
1.277668364666949004e-07
1.275199024186284664e-07
1.273666329747616710e-07
1.276305967264436493e-07
1.274262378144288013e-07
1.275539622481249343e-07
1.274943577007953969e-07
1.273836626783772152e-07
1.274517826946716240e-07
1.272729684030439724e-07
1.272389084436196914e-07
1.274773278022881330e-07
1.274602977088891493e-07
1.273496029463266204e-07
1.272559385045367085e-07
1.273155435390955585e-07
1.271622737054453237e-07
1.271707888171087221e-07
1.271622741439516864e-07
1.271026693205255659e-07
1.271878191053994254e-07
1.271026693854894725e-07
1.272048485166773768e-07
1.270175195031697398e-07
1.270175195843746297e-07
1.270004898645181287e-07
1.270941542738260741e-07
1.270941542738260741e-07
1.270090045051931978e-07
1.270175194869287830e-07
1.268897952643653530e-07
1.269153402745359888e-07
1.269834596411913319e-07
1.269579148908763223e-07
1.269408852197427446e-07
1.269579150370451187e-07
1.268472203232054867e-07
1.268046453820456203e-07
1.268046453658046371e-07
1.267280110336546921e-07
1.267450411270536757e-07
1.267535556215599484e-07
1.265832566689693550e-07
1.265491971318104799e-07
1.268727656906776219e-07
1.266769211270002502e-07
1.265832569288249813e-07
1.264299872900664927e-07
1.266513762629983843e-07
1.266343465269009000e-07
1.265406819551831750e-07
1.265577115938348126e-07
1.266002866324405255e-07
1.264640473144546803e-07
1.265321669409656497e-07
1.265406816303636421e-07
1.264470174484293829e-07
1.264299872575845262e-07
1.263959276554617445e-07
1.263959275904978379e-07
1.264555321703093154e-07
1.262511730471617644e-07
1.262937480695264941e-07
1.261575085241669892e-07
1.263192930147332499e-07
1.262171137373765491e-07
1.261830533069639388e-07
1.262426583090408222e-07
1.262682030268738917e-07
1.262171136886536258e-07
1.261575088814684621e-07
1.261064190235369435e-07
1.260212692549040673e-07
1.261489938997328768e-07
1.261149339403086222e-07
1.259957247157217342e-07
1.260212692711450241e-07
1.262000836439775919e-07
1.260553291331234585e-07
1.259020598841483828e-07
1.260638441798229503e-07
1.261404788692743683e-07
1.259105748658839681e-07
1.257913657874659030e-07
1.260127547116748448e-07
1.257487908300650534e-07
1.260042394376016932e-07
1.258509701236627109e-07
1.258679997947962886e-07
1.258083952474667777e-07
1.259190895877639270e-07
1.258680000871338814e-07
1.258254253083837948e-07
1.258850298069903824e-07
1.258169103591301761e-07
1.257402756859197149e-07
1.256977007285188653e-07
1.258850304079065249e-07
1.257147309680866454e-07
1.256636409477453472e-07
1.257402759782572813e-07
1.256125513821513950e-07
1.256295813456225655e-07
1.255614614917379100e-07
1.257147310817734753e-07
1.255444317231584592e-07
1.255699763110637156e-07
1.256295815080323187e-07
1.255529464775203582e-07
1.254252221087881582e-07
1.254763120316835833e-07
1.254848267535635423e-07
1.254422522184280986e-07
1.253485875655055102e-07
1.254507670539948875e-07
1.254252224011257245e-07
1.254848270783830751e-07
1.253571024497952224e-07
1.254507671839227006e-07
1.253911622143277837e-07
1.253656175289766542e-07
1.252719530871867688e-07
1.253656177888322805e-07
1.252208635215928166e-07
1.252719526974033293e-07
1.252974978699837449e-07
1.252549230262697517e-07
1.252804677765847612e-07
1.252293780810629959e-07
1.252464082719078262e-07
1.251186836108380334e-07
1.252804680364403875e-07
1.251953182840484945e-07
1.251953184139763076e-07
1.251357136067911439e-07
1.250079895628784503e-07
1.250335338584461403e-07
1.252123480526279188e-07
1.251101684666926949e-07
1.251101688564761343e-07
1.250420490350734453e-07
1.249909590472140872e-07
1.249909593720336200e-07
1.250590788036528696e-07
1.250420490837963686e-07
1.249739295060083226e-07
1.249654145242727374e-07
1.248802646419530312e-07
1.249909590796960272e-07
1.249483846907294065e-07
1.248547199566019017e-07
1.248291752712507987e-07
1.249143245688953457e-07
1.248887798510622762e-07
1.247610554498481097e-07
1.248121452752976882e-07
1.247355107320150402e-07
1.248972949627256746e-07
1.248462050073482830e-07
1.248802650967003772e-07
1.247014506751449125e-07
1.247610555472939563e-07
1.247610554498481097e-07
1.246759057624201233e-07
1.247610555472939563e-07
1.248121451778518151e-07
1.248036302285981964e-07
1.245992710892096621e-07
1.247184807035799631e-07
1.247269957015565316e-07
1.246673909106123512e-07
1.246759061034806129e-07
1.246759058923479364e-07
1.245822415155219311e-07
1.245311516251084460e-07
1.246759058598659699e-07
1.245907563348477366e-07
1.244545170493438580e-07
1.246503610445870537e-07
1.245907565297394564e-07
1.245566963104595490e-07
1.245056069072753765e-07
1.245566966027971418e-07
1.245141217266011821e-07
1.245141215479504456e-07
1.244460022949819325e-07
1.244970917631300380e-07
1.245396665093981582e-07
1.244630321285252898e-07
1.244545170168618914e-07
1.244289720391731956e-07
1.244374870858726875e-07
1.244545169031750616e-07
1.244204570899195769e-07
1.243353074999374371e-07
1.243949124045684474e-07
1.243949122421586942e-07
1.243012478978146554e-07
1.242927328511151636e-07
1.244034269965205932e-07
1.244034271589303729e-07
1.243693674268797516e-07
1.242671879059084078e-07
1.242246128997846614e-07
1.244119423680396179e-07
1.242075832286510837e-07
1.244289721041371022e-07
1.242757029201259596e-07
1.243097627821043676e-07
1.243523377882281405e-07
1.241479785838756732e-07
1.242757030825357128e-07
1.242075831636871771e-07
1.242160981129407959e-07
1.241990680845057188e-07
1.242160981779047024e-07
1.242331281413758729e-07
1.242671880033542809e-07
1.243608525425900395e-07
1.242246131271583212e-07
1.241139186244514186e-07
1.241139186569333586e-07
1.240798587299910441e-07
1.242416429607016785e-07
1.240883739066183491e-07
1.241139187218972652e-07
1.241394636346220544e-07
1.241139189005480017e-07
1.241224334762591642e-07
1.240543138497481949e-07
1.240543140771218811e-07
1.240032243166362092e-07
1.241139184620416389e-07
1.240628287990018401e-07
1.239180748240999425e-07
1.241139185919694521e-07
1.239947093511416072e-07
1.240032241867083961e-07
1.239436195744149521e-07
1.239947091400089043e-07
1.239606494729222160e-07
1.239351047550891465e-07
1.238840147022658818e-07
1.240032243003952260e-07
1.239776793389475134e-07
1.238244100574904977e-07
1.239010447631829254e-07
1.239521344911866308e-07
1.238329251691538961e-07
1.238840150595673812e-07
1.239436196393788587e-07
1.238669847387947377e-07
1.238925295703146371e-07
1.239351048850169596e-07
1.238244101224544043e-07
1.238925296840014670e-07
1.238329251691538961e-07
1.238158952056827256e-07
1.237733203294867923e-07
1.239095595500267644e-07
1.238158949783090658e-07
1.238244099600446511e-07
1.238414398910338551e-07
1.238073801265012937e-07
1.237477756441356629e-07
1.237818354736321308e-07
1.238329250717080230e-07
1.237137157171933483e-07
1.236626260866354896e-07
1.237562906258712481e-07
1.236455959282725993e-07
1.238329251691538961e-07
1.236455959932365059e-07
1.237648053477512071e-07
1.235945060378591143e-07
1.236966857537221778e-07
1.236200510480297766e-07
1.237307456481825523e-07
1.236966856887582712e-07
1.236370811089467938e-07
1.235519318762661533e-07
1.236200512429214963e-07
1.236796559526607870e-07
1.235945063301967071e-07
1.237222306339650270e-07
1.236030211495225127e-07
1.235093567077326272e-07
1.235689613849899514e-07
1.235689613525080113e-07
1.235434164722651621e-07
1.235178716894681860e-07
1.234838116325980583e-07
1.236030211820044792e-07
1.235604465331822057e-07
1.235178716245042794e-07
1.235859912834972153e-07
1.234667820589103537e-07
1.235604464682182991e-07
1.234667817665727609e-07
1.235093567726965338e-07
1.235434165372290687e-07
1.234838117950078380e-07
1.235008418234428886e-07
1.235263866712037713e-07
1.233986622375076382e-07
1.234667818965005741e-07
1.234667819289825406e-07
1.234156922009788087e-07
1.234327220670041062e-07
1.234497519979933101e-07
1.234071772842071301e-07
1.234582670446928020e-07
1.234071772517251900e-07
1.233986623349535113e-07
1.233390577551420338e-07
1.233646026191438733e-07
1.233475725095039329e-07
1.233986624323993580e-07
1.233390576901781273e-07
1.233135126800074649e-07
1.234156923958705285e-07
1.233646024729751034e-07
1.233560875237214582e-07
1.232283633823629179e-07
1.232879679296924554e-07
1.233390574303225010e-07
1.232624230007266829e-07
1.232794528505109970e-07
1.232028183397103155e-07
1.233475725095039329e-07
1.233135126800074649e-07
1.232964825866084813e-07
1.232624230494496062e-07
1.232709379337393448e-07
1.232709379337393448e-07
1.232453930210145556e-07
1.232368780067970038e-07
1.232028183721922556e-07
1.232709379012573783e-07
1.232709378038115052e-07
1.232283630250614185e-07
1.231346985832715331e-07
1.232283630900253251e-07
1.232198481082897663e-07
1.231943033579747303e-07
1.231432136299710249e-07
1.232879679946563619e-07
1.232198483031814861e-07
1.232028183397103155e-07
1.232198480108438932e-07
1.230836088877497678e-07
1.231857881813474253e-07
1.231687586076597207e-07
1.230495490907352664e-07
1.231176687497281757e-07
1.231772732970577132e-07
1.230921239669311996e-07
1.230240041130465705e-07
1.230580640724708251e-07
1.230495490257713598e-07
1.230410340765177146e-07
1.230665791191703170e-07
1.231176688146920823e-07
1.231176688146920823e-07
1.230665790866883769e-07
1.230750938735322424e-07
1.230495489608074532e-07
1.230410339465899014e-07
1.230410340765177146e-07
1.230154891962748919e-07
1.230665789242785972e-07
1.229729144500067453e-07
1.230325190623001893e-07
1.229984592652856879e-07
1.229814294317423305e-07
1.230154893262027050e-07
1.230325191272640959e-07
1.230069741820573401e-07
1.229388548478839636e-07
1.230836089202317078e-07
1.230325192247099689e-07
1.229388546205102774e-07
1.228877648275426654e-07
1.229133096103396415e-07
1.229814293830194072e-07
1.229984592328037214e-07
1.228877648600246054e-07
1.228877648600246054e-07
1.228707350914451811e-07
1.229133096753035481e-07
1.228451899838286722e-07
1.228622199797817827e-07
1.228281600203575017e-07
1.229047946610860228e-07
1.229133096753035481e-07
1.228622197848900630e-07
1.228451900487925787e-07
1.227770703573177029e-07
1.227685556029557774e-07
1.228792497808431736e-07
1.227770701949079232e-07
1.229218244946293536e-07
1.227941001583790937e-07
1.228366751969848066e-07
1.227600404588104389e-07
1.228281600853214082e-07
1.227600404588104389e-07
1.227600402964006857e-07
1.228196451360677895e-07
1.227770704872455160e-07
1.227941002883069068e-07
1.227004357815530883e-07
1.227004357490711483e-07
1.227855853715352282e-07
1.227685552781362445e-07
1.227941003207888469e-07
1.227515255420387602e-07
1.227515255420387602e-07
1.227259805805910477e-07
1.226834059804916975e-07
1.227089506008789204e-07
1.227515253796290070e-07
1.227089505683969539e-07
1.227344957084954294e-07
1.227004356191433351e-07
1.227430104953392684e-07
1.226152860616431618e-07
1.227344957409773694e-07
1.225982563255456511e-07
1.226238009784148141e-07
1.226493461185132895e-07
1.226578609540800784e-07
1.226919207348535965e-07
1.226238011083426272e-07
1.226238012057885003e-07
1.226323161225601790e-07
1.225641963986033366e-07
1.226578610677669083e-07
1.226238013357163134e-07
1.225897412950871425e-07
1.226748908688282991e-07
1.226663759845385869e-07
1.226067712098353897e-07
1.226493460535493830e-07
1.225727114453028284e-07
1.225812264920023202e-07
1.225727114777847684e-07
1.226238011733065338e-07
1.225386513559507342e-07
1.226323160575962724e-07
1.226067710474256101e-07
1.225812264270384137e-07
1.226152862565348816e-07
1.224535018309325009e-07
1.225131068330093844e-07
1.225131067355635378e-07
1.225471665325780392e-07
1.225982561956178380e-07
1.225471665000960726e-07
1.225216216198532499e-07
1.225216216198532499e-07
1.225216215711303266e-07
1.225301365691068687e-07
1.225897413113281258e-07
1.224705320217773577e-07
1.225641965610131162e-07
1.224960768208152906e-07
1.225556814493497178e-07
1.224790468086211967e-07
1.224620168776319928e-07
1.224875617903567820e-07
1.225727113478569553e-07
1.224790468086211967e-07
1.224620168776319928e-07
1.224705319243314846e-07
1.224364721273169832e-07
1.224620170075598059e-07
1.224960766421645541e-07
1.224620169425958993e-07
1.224109271821102274e-07
1.224279571293404147e-07
1.224449871090525684e-07
1.224449869466427888e-07
1.224024121354107356e-07
1.224024122653385488e-07
1.224364720948350167e-07
1.224705319243314846e-07
1.223428076205631647e-07
1.223853823018674047e-07
1.223683524033601408e-07
1.224364720948350167e-07
1.224024121678927021e-07
1.224194420014360595e-07
1.224024121029287956e-07
1.223598374216245555e-07
1.223938971536751768e-07
1.224024121354107356e-07
1.223683524033601408e-07
1.223598373891426155e-07
1.223768673850957260e-07
1.223683524033601408e-07
1.223513225698168099e-07
1.223598374216245555e-07
1.223257777220559272e-07
1.223683523708782007e-07
1.222917176651857731e-07
1.223342926388275794e-07
1.223257776408510374e-07
1.223513224723709368e-07
1.223087476936208502e-07
1.222746878316424422e-07
1.224109272145921940e-07
1.222746878966063488e-07
1.223342925413817328e-07
1.222917177626316462e-07
1.222661727849429504e-07
1.222406279371820677e-07
1.223087476611388836e-07
1.222746878316424422e-07
1.222406280021459743e-07
1.222661729473527036e-07
1.223002327443672314e-07
1.222661728499068569e-07
1.222746877991604757e-07
1.222746878966063488e-07
1.221980532883597942e-07
1.222661728174248904e-07
1.222661730123166101e-07
1.221214187450771462e-07
1.222491429513995930e-07
1.221554786070555542e-07
1.221725085055628181e-07
1.221895381442144293e-07
1.222576579006532117e-07
1.221299335968849183e-07
1.222491428539537464e-07
1.221639934263813597e-07
1.221725084405989115e-07
1.221895384690339621e-07
1.222150831543850916e-07
1.221639933614174532e-07
1.222065681401675398e-07
1.222150831706260749e-07
1.221554785096097075e-07
1.221810234223344968e-07
1.221725083106710984e-07
1.220447842017944982e-07
1.220788437389533733e-07
1.221725083756350050e-07
1.221129036009317813e-07
1.221299335319210117e-07
1.221980532883597942e-07
1.220618139703739225e-07
1.221554785420916476e-07
1.220958737998703904e-07
1.221214185501854265e-07
1.220277542058413876e-07
1.221214187288361629e-07
1.220618139703739225e-07
1.221043887491240356e-07
1.221469634953921558e-07
1.220958738323523570e-07
1.221129037308595944e-07
1.220788439013631530e-07
1.221129036658956878e-07
1.220703289521095078e-07
1.220022093255985385e-07
1.221639935238272328e-07
1.220447842017944982e-07
1.220703288221816946e-07
1.219936943438629532e-07
1.220703288546636611e-07
1.220447841693125317e-07
1.220788439663270595e-07
1.220362690901310998e-07
1.220618140353378556e-07
1.220362690901310998e-07
1.220618139378919825e-07
1.220192391916238359e-07
1.220447841043486251e-07
1.220277541408774811e-07
1.219681494961020705e-07
1.219596344169206387e-07
1.219681496260298837e-07
1.219511194676670199e-07
1.220788437714353398e-07
1.219681495285840371e-07
1.219766644453557157e-07
1.220703289196275677e-07
1.219936942464171066e-07
1.219681496260298837e-07
1.219340896341236626e-07
1.219851794595732410e-07
1.219340896016417225e-07
1.219766644778376558e-07
1.219766644778376558e-07
1.219936943438629532e-07
1.219340896341236626e-07
1.219511195326309265e-07
1.219681494311381640e-07
1.219255748147978570e-07
1.219766644128737492e-07
1.219340896666056291e-07
1.219596346118123584e-07
1.219170597356163986e-07
1.219596345143665118e-07
1.218829998411560506e-07
1.219766645103196223e-07
1.219170599467491016e-07
1.218744848594204654e-07
1.219000297071813480e-07
1.219426047457870610e-07
1.218744849568663120e-07
1.219511195001489600e-07
1.218574551558049212e-07
1.218233952938265132e-07
1.219085447863627799e-07
1.219085447538808399e-07
1.219085447701217966e-07
1.219170596706524921e-07
1.218915149203374825e-07
1.219596345468484518e-07
1.218404251273698705e-07
1.219000299020730677e-07
1.218404250299239974e-07
1.218574550258771080e-07
1.218915149203374825e-07
1.219085448188447464e-07
1.218063653303553427e-07
1.218744849568663120e-07
1.219085447538808399e-07
1.218404248999961843e-07
1.218659698776848801e-07
1.218659701375405064e-07
1.218574550908410146e-07
1.218829998411560506e-07
1.218404251598518106e-07
1.218744849243843719e-07
1.218148801496811747e-07
1.218744849568663120e-07
1.218829998411560506e-07
1.218233953263084532e-07
1.218148803120909279e-07
1.218148804420187411e-07
1.218404251923337771e-07
1.217893354480890620e-07
1.218063652653914361e-07
1.218574550583590745e-07
1.218489400441415227e-07
1.218659700400946598e-07
1.217893354318481052e-07
1.218489400928644725e-07
1.217978502511739108e-07
1.218063653953192492e-07
1.218574550258771080e-07
1.217637906815330692e-07
1.218148803770548345e-07
1.217552756673155439e-07
1.218148803120909279e-07
1.217637906490511291e-07
1.218233952613445467e-07
1.217637904216774429e-07
1.217893354318481052e-07
1.217552757322794504e-07
1.217978504460656305e-07
1.217382457038443734e-07
1.217978503486197574e-07
1.217382456713624333e-07
1.217808205150764265e-07
1.217723055333408413e-07
1.217382455414346202e-07
1.217808204176305534e-07
1.217297307545907546e-07
1.217723054034130281e-07
1.218063652653914361e-07
1.217637904541594094e-07
1.217637906815330692e-07
1.217808205800403331e-07
1.217637904866413495e-07
1.217637904216774429e-07
1.218148803120909279e-07
1.217552755373877307e-07
1.217808204176305534e-07
1.216871558459128548e-07
1.217297307870726947e-07
1.217467605556521455e-07
1.217297306896268481e-07
1.217297306896268481e-07
1.216616111280797853e-07
1.217041858743479054e-07
1.217467606206160520e-07
1.216530961463442001e-07
1.217382457688082799e-07
1.217808204825944600e-07
1.216956708926123467e-07
1.216701261098153706e-07
1.217212158215780927e-07
1.217297306571448815e-07
1.217212157078912628e-07
1.216530962113081066e-07
1.216956709250942867e-07
1.217041858743479054e-07
1.216701259798875574e-07
1.216616111280797853e-07
1.216616109656700056e-07
1.217041858743479054e-07
1.216616111605617254e-07
1.216701258174777778e-07
1.216275512336194108e-07
1.216701258986826676e-07
1.216701258824416843e-07
1.216701260448514640e-07
1.216530960164163869e-07
1.216445810671627682e-07
1.216445811646086148e-07
1.216786408316953031e-07
1.216956708926123467e-07
1.216190360894740724e-07
1.216616111280797853e-07
1.216190362843657921e-07
1.216445811646086148e-07
1.216020063858585282e-07
1.216105214650399600e-07
1.215764615705796120e-07
1.216445811970905813e-07
1.216190361544379789e-07
1.216105213675941134e-07
1.215849764548693242e-07
1.216275512661013509e-07
1.216275511686555042e-07
1.216445811321266748e-07
1.216190361544379789e-07
1.215424016111553310e-07
1.215934913391590363e-07
1.215934914366049094e-07
1.215509165928909162e-07
1.216020063858585282e-07
1.215764616355435186e-07
1.216360662153549961e-07
1.215849763899054176e-07
1.215849763899054176e-07
1.215934914041229429e-07
1.215338866943836523e-07
1.216020062559307150e-07
1.215509165928909162e-07
1.215509165279270096e-07
1.215764614731337389e-07
1.215679465888440268e-07
1.215509167553006694e-07
1.215594316071084415e-07
1.216020063208946216e-07
1.215764614406517989e-07
1.215679464913981537e-07
1.215424015786733644e-07
1.215509166903367628e-07
1.215509165279270096e-07
1.215764614406517989e-07
1.215168568121173716e-07
1.215083418791047097e-07
1.215253717776119736e-07
1.215764615056157054e-07
1.214998268648871844e-07
1.215764616030615521e-07
1.215253717126480670e-07
1.214827970313438270e-07
1.214998268648871844e-07
1.215594315746264750e-07
1.215338865969377792e-07
1.215253715827202539e-07
1.214913119318745489e-07
1.215168566659485752e-07
1.214572520861370977e-07
1.215083417166949565e-07
1.215253717126480670e-07
1.215253716801661270e-07
1.215083416842129899e-07
1.214827969338979804e-07
1.214998269948149975e-07
1.215253717451300335e-07
1.214742820496082682e-07
1.215338865319738726e-07
1.215253716801661270e-07
1.214657671003546230e-07
1.215083417816588630e-07
1.214998267999232778e-07
1.214998268973691509e-07
1.214998268648871844e-07
1.214657670678726830e-07
1.215168567958763883e-07
1.214742820171263017e-07
1.215253718100939401e-07
1.214317071571713252e-07
1.214827969663799204e-07
1.214913118831515991e-07
1.214998268973691509e-07
1.214657670029087764e-07
1.214487370719195724e-07
1.214061623581333923e-07
1.214657670353907164e-07
1.213976474738436537e-07
1.214572522160649109e-07
1.214402221226659272e-07
1.214572522160649109e-07
1.214402221226659272e-07
1.214487371693654190e-07
1.214317071084484019e-07
1.214317072383762150e-07
1.214827971612716666e-07
1.213976472139880274e-07
1.213976474738436537e-07
1.214487371693654190e-07
1.214146772099411380e-07
1.214572519886912246e-07
1.214742820658492250e-07
1.214061623256514258e-07
1.214146772424231045e-07
1.214487371044015125e-07
1.213806174778905431e-07
1.214146773073870111e-07
1.214317072058942750e-07
1.214061623256514258e-07
1.214146772099411380e-07
1.213976475388075603e-07
1.213806173804446965e-07
1.213891324921080684e-07
1.213891323946622218e-07
1.213806175753364162e-07
1.214231922891225963e-07
1.213806174129266366e-07
1.213380426991404565e-07
1.213806174129266366e-07
1.213721024311910513e-07
1.214231921916767232e-07
1.214231922891225963e-07
1.213891323946622218e-07
1.213891322647344087e-07
1.213806173804446965e-07
1.213806175103725097e-07
1.213295276849229312e-07
1.213806173154807635e-07
1.213465576483940752e-07
1.213721025286369244e-07
1.213635875469013392e-07
1.213721025286369244e-07
1.213465576159121352e-07
1.213380426666584900e-07
1.213550726950935670e-07
1.212614079934480288e-07
1.213635875144193726e-07
1.213635876768291523e-07
1.213210127031873459e-07
1.213295277498868378e-07
1.213806174454086031e-07
1.213635874819374326e-07
1.212954679528723099e-07
1.213380426991404565e-07
1.212954679853542764e-07
1.213465575509482286e-07
1.213124979488254469e-07
1.212528931741222232e-07
1.213976472789519340e-07
1.213635874819374326e-07
1.213124978188976073e-07
1.213210127681512525e-07
1.212614079934480288e-07
1.213210128006331926e-07
1.213210126707053794e-07
1.213295278148507443e-07
1.213210128006331926e-07
1.213124978513795738e-07
1.212869530361006577e-07
1.213039829995718017e-07
1.213295277823687778e-07
1.212784379894011659e-07
1.213295277823687778e-07
1.213210126382234394e-07
1.213295277498868378e-07
1.213124977864156672e-07
1.212614080259299953e-07
1.212869530036186912e-07
1.213380425367306768e-07
1.212614082370626983e-07
1.212784380543650724e-07
1.212699230076655806e-07
1.212699229427016740e-07
1.212869529711367511e-07
1.212784379244372593e-07
1.212784381193289790e-07
1.212358632106510792e-07
1.212528930766763766e-07
1.212614079934480288e-07
1.212443781274227314e-07
1.212784380868470125e-07
1.212784379894011659e-07
1.212358630807232396e-07
1.212614080908939019e-07
1.212443780624588248e-07
1.212443780624588248e-07
1.212358633405788924e-07
1.212614080259299953e-07
1.212103183628901965e-07
1.212614080908939019e-07
1.212103182654443234e-07
1.212869529061728181e-07
1.212188333121438153e-07
1.211932883994190260e-07
1.212103183304082300e-07
1.212614079934480288e-07
1.212869529386547846e-07
1.212188332796618487e-07
1.212018032512267981e-07
1.211847734501654073e-07
1.211677435516581434e-07
1.212699230076655806e-07
1.212358631456871726e-07
1.212018034136365513e-07
1.212188333771077218e-07
1.212018034136365513e-07
1.212188332146979422e-07
1.212188332796618487e-07
1.211677434542122703e-07
1.212018034461185179e-07
1.212358631781691127e-07
1.212018033486726448e-07
1.211421987688611673e-07
1.211932883344551195e-07
1.212273482613974340e-07
1.211932884643829326e-07
1.211762585333937286e-07
1.211762584034659155e-07
1.212103182329623834e-07
1.211932883344551195e-07
1.211762584359478555e-07
1.211507135557050328e-07
1.211762585333937286e-07
1.212358633405788924e-07
1.211932883344551195e-07
1.211932884968648727e-07
1.211762584684298220e-07
1.211507136856328460e-07
1.211421987038972607e-07
1.211592285699225581e-07
1.211677434866942368e-07
1.210996239576291141e-07
1.211592286024045246e-07
1.211592285699225581e-07
1.211421985414874810e-07
1.211847734501654073e-07
1.211592285699225581e-07
1.211762584684298220e-07
1.212273482613974340e-07
1.211336837546436420e-07
1.212103181679984768e-07
1.211166537586905049e-07
1.211932883344551195e-07
1.211507136206689394e-07
1.210996238926652075e-07
1.211592286673684312e-07
1.211336837546436420e-07
1.211081389393646994e-07
1.211507135557050328e-07
1.211421986064513876e-07
1.211762584034659155e-07
1.211081389068827593e-07
1.212103182329623834e-07
1.211166537262085649e-07
1.211336836896797354e-07
1.210825939129530802e-07
1.211592285049586515e-07
1.211336836571977689e-07
1.211166537911724715e-07
1.211166538561363780e-07
1.211166536612446583e-07
1.211592285374406181e-07
1.210996238926652075e-07
1.211251687729080567e-07
1.210655640956507061e-07
1.210911089109296487e-07
1.210825938317481904e-07
1.211336837546436420e-07
1.210655639982048595e-07
1.211251686429802436e-07
1.211251687079441501e-07
1.211166537262085649e-07
1.211336836409567856e-07
1.210825940591218766e-07
1.211081389393646994e-07
1.210570490164692743e-07
1.210911089758935553e-07
1.210485341321795356e-07
1.211251687404260902e-07
1.211251687404260902e-07
1.211336836247158288e-07
1.210570490489512143e-07
1.210740789312174950e-07
1.211251687079441501e-07
1.210655639657228930e-07
1.210740789799404183e-07
1.210570491139151209e-07
1.210655640956507061e-07
1.210655640956507061e-07
1.210570490814331808e-07
1.210229892844186530e-07
1.210825939941579701e-07
1.210400191991669002e-07
1.210825940266399101e-07
1.210825939291940635e-07
1.210655640956507061e-07
1.211081388419188527e-07
1.210740790449043249e-07
1.210315042661542382e-07
1.210825939291940635e-07
1.210996239251471741e-07
1.210740790124223848e-07
1.210315042011903316e-07
1.210485341646615022e-07
1.210570490814331808e-07
1.210570492438429340e-07
1.210315042011903316e-07
1.210911089434115888e-07
1.210315041687083916e-07
1.210229893818645261e-07
1.210400192154078834e-07
1.210655640631687661e-07
1.210059594183933556e-07
1.210059594183933556e-07
1.210144742702011277e-07
1.210229893493825595e-07
1.210315042336722982e-07
1.209974445016217033e-07
1.210485340509746723e-07
1.209889293899583049e-07
1.210485340672156291e-07
1.210144743026830942e-07
1.210400191829259169e-07
1.209804145381505328e-07
1.209974444041758302e-07
1.210144744001289408e-07
1.210229892519367129e-07
1.210315042011903316e-07
1.210229893169006195e-07
1.210315042986362047e-07
1.210059594183933556e-07
1.210229892194547464e-07
1.210059594508753221e-07
1.209718995888969141e-07
1.209974445341036434e-07
1.210400191829259169e-07
1.209804144407046597e-07
1.210315042986362047e-07
1.209718995888969141e-07
1.209889294874041516e-07
1.209718995564149476e-07
1.210059594183933556e-07
1.210059594183933556e-07
1.210059594508753221e-07
1.209633846721252354e-07
1.209974444853807201e-07
1.209804145381505328e-07
1.209633846396432689e-07
1.209718995401739643e-07
1.210229892681776962e-07
1.209718995888969141e-07
1.209633846071613289e-07
1.209718994914510410e-07
1.210059593534294490e-07
1.209293248426287675e-07
1.209378398893282593e-07
1.209037799299039783e-07
1.210144743351650342e-07
1.210144743514060175e-07
1.210059594508753221e-07
1.208952650780962062e-07
1.209974445016217033e-07
1.209463546761721249e-07
1.209548696903896502e-07
1.209974444691397368e-07
1.209378397918823862e-07
1.209378397269184797e-07
1.209548697066306334e-07
1.209548696579076837e-07
1.209378397594004462e-07
1.209548696254257436e-07
1.209463547411360314e-07
1.208867500963606209e-07
1.209548696579076837e-07
1.209293248101468010e-07
1.209463547411360314e-07
1.209548697228715902e-07
1.209208097634473356e-07
1.209293247776648609e-07
1.209548696579076837e-07
1.209548696579076837e-07
1.209463547411360314e-07
1.209463547573769882e-07
1.209122948791575970e-07
1.208867500963606209e-07
1.209378398243643528e-07
1.209633845421974223e-07
1.209463547411360314e-07
1.208697201328894769e-07
1.209293248751107076e-07
1.209037799623859183e-07
1.209037800598317914e-07
1.208952649481683930e-07
1.209293247614238777e-07
1.209037799948678848e-07
1.208526902019002464e-07
1.209208098284112422e-07
1.209548696579076837e-07
1.208867500313967143e-07
1.209037799948678848e-07
1.209293248101468010e-07
1.208612052485997382e-07
1.209122949441215036e-07
1.208952649806503595e-07
1.208612052161177982e-07
1.209122949441215036e-07
1.208697201328894769e-07
1.209122949116395635e-07
1.208867500801196641e-07
1.209122949116395635e-07
1.209037799623859183e-07
1.208782352120709088e-07
1.208697200679255703e-07
1.209208098608931823e-07
1.208697202303353235e-07
1.209037799623859183e-07
1.208612052485997382e-07
1.208697202303353235e-07
1.208612053135636448e-07
1.208952650131322996e-07
1.208867500963606209e-07
1.208952649806503595e-07
1.208526902181412297e-07
1.208441752526466277e-07
1.209037798649400717e-07
1.208441752526466277e-07
1.208867501288425874e-07
1.208782351146250357e-07
1.208526902993461195e-07
1.208441753176105343e-07
1.208612052810817048e-07
1.209037799299039783e-07
1.208441753176105343e-07
1.208441753013695510e-07
1.208782351795889422e-07
1.208441752526466277e-07
1.208441753176105343e-07
1.208697201978533834e-07
1.208186304048857450e-07
1.208441753500925008e-07
1.208697201978533834e-07
1.208101154556321263e-07
1.208441752851285942e-07
1.208016005388604476e-07
1.208697201978533834e-07
1.208186305023316181e-07
1.208101154881140663e-07
1.208441752851285942e-07
1.208867500963606209e-07
1.208356602709110424e-07
1.208101155205960329e-07
1.208612051511538916e-07
1.208782351471070022e-07
1.208016005063785076e-07
1.208101155043550496e-07
1.208356603033930090e-07
1.208356603683569155e-07
1.208526902831051363e-07
1.208441753500925008e-07
1.207930855246429223e-07
1.208016004738965410e-07
1.208356604008388556e-07
1.208101154881140663e-07
1.208271453866213303e-07
1.208356603683569155e-07
1.208526902343822129e-07
1.208526903318280860e-07
1.208271454191032968e-07
1.208186304373677115e-07
1.208016004414146010e-07
1.208186303724038050e-07
1.208441752851285942e-07
1.208356603033930090e-07
1.207675406768820396e-07
1.208356603683569155e-07
1.208186304698496516e-07
1.208016004414146010e-07
1.207675407743278863e-07
1.207930855896068289e-07
1.208016006038243542e-07
1.208101154231501598e-07
1.207930855246429223e-07
1.208356603683569155e-07
1.208016005388604476e-07
1.208101155855599394e-07
1.207760557235815315e-07
1.207845706728351502e-07
1.207760557235815315e-07
1.207930856545707355e-07
1.208016005713424141e-07
1.207845706403531837e-07
1.207675406768820396e-07
1.207930855571248624e-07
1.208016005713424141e-07
1.208016005388604476e-07
1.207760556910995649e-07
1.207760557235815315e-07
1.207845706403531837e-07
1.207845707377990568e-07
1.207760556261356584e-07
1.207675407418459462e-07
1.207930855896068289e-07
1.207845706728351502e-07
1.207419958940850636e-07
1.207845706078712436e-07
1.207760556586176249e-07
1.208016005226194644e-07
1.207845706728351502e-07
1.207590257925923010e-07
1.207675406768820396e-07
1.207505107134108691e-07
1.207505108108567422e-07
1.207675407743278863e-07
1.208101155205960329e-07
1.207505107783747757e-07
1.207675408068098528e-07
1.207675407418459462e-07
1.207419958616030970e-07
1.207590258250742675e-07
1.207505108108567422e-07
1.207505108108567422e-07
1.207675407743278863e-07
1.207675407418459462e-07
1.207164510463241809e-07
1.207590257276283944e-07
1.207419958291211570e-07
1.207419958940850636e-07
1.207419958616030970e-07
1.207164510138422144e-07
1.207249660280597661e-07
1.207675407093639797e-07
1.207760556586176249e-07
1.207590256951464544e-07
1.207334809773133849e-07
1.207590257601103610e-07
1.207760556261356584e-07
1.207419958940850636e-07
1.207505108108567422e-07
1.207590257276283944e-07
1.207419957641572504e-07
1.207419958616030970e-07
1.207164510138422144e-07
1.207164509813602743e-07
1.207760556910995649e-07
1.207334809448314184e-07
1.207334809773133849e-07
1.206994210178891038e-07
1.207760557235815315e-07
1.207334807824216652e-07
1.207505108433386823e-07
1.207419958940850636e-07
1.207249659306138930e-07
1.207334809123494783e-07
1.207505107134108691e-07
1.207249659306138930e-07
1.207505108433386823e-07
1.207249659306138930e-07
1.207675407418459462e-07
1.207079360321066556e-07
1.207505108108567422e-07
1.206909061011174251e-07
1.206909060686354851e-07
1.207079360321066556e-07
1.207249659955777996e-07
1.207334808961084950e-07
1.207164510138422144e-07
1.207079360321066556e-07
1.206909061011174251e-07
1.207249658331680464e-07
1.206994211153349769e-07
1.207249659306138930e-07
1.206994210990939936e-07
1.207164510138422144e-07
1.206313014238601010e-07
1.207249658981319530e-07
1.207079359671427225e-07
1.207079359996246891e-07
1.207079360321066556e-07
1.207334808798675118e-07
1.207079360808295789e-07
1.206994211153349769e-07
1.206909061660813317e-07
1.206994211153349769e-07
1.206738761376462811e-07
1.206823912168277130e-07
1.206653612858385090e-07
1.207334807499396986e-07
1.207079360645885956e-07
1.206994210503710703e-07
1.207079360483476124e-07
1.207249659955777996e-07
1.206823911843457729e-07
1.207164510138422144e-07
1.207249659955777996e-07
1.207079359671427225e-07
1.207079360321066556e-07
1.206568463041029237e-07
1.207079359833837058e-07
1.207419958940850636e-07
1.206653613508024156e-07
1.206909061011174251e-07
1.207164510788061209e-07
1.207079360321066556e-07
1.206568463365848903e-07
1.207079359996246891e-07
1.206653612208746024e-07
1.206823912168277130e-07
1.207079360970705622e-07
1.206398163406317532e-07
1.206909061011174251e-07
1.206909061335993917e-07
1.206823910868998998e-07
1.206398164705595664e-07
1.206738761701282211e-07
1.207164509813602743e-07
1.206823911843457729e-07
1.206994209529251972e-07
1.206398164055956598e-07
1.207079360321066556e-07
1.206909060361535186e-07
1.206909061985632982e-07
1.206738762675740942e-07
1.206653612208746024e-07
1.206823912493096795e-07
1.206398163731137197e-07
1.206483312898853984e-07
1.206738762350921277e-07
1.206738762675740942e-07
1.206398164380776263e-07
1.206823911843457729e-07
1.206823911843457729e-07
1.206227864096425492e-07
1.207079359996246891e-07
1.206398165030415329e-07
1.206994209691661805e-07
1.206653612533565425e-07
1.206738762026101877e-07
1.206738761863692044e-07
1.206738762026101877e-07
1.206313014238601010e-07
1.206142715578347771e-07
1.206823911843457729e-07
1.206568462716209837e-07
1.206398164380776263e-07
1.206823912493096795e-07
1.206398163406317532e-07
1.206653612858385090e-07
1.206398164055956598e-07
1.206653612533565425e-07
1.206483312898853984e-07
1.206653612208746024e-07
1.206653612858385090e-07
1.206313014563420411e-07
1.206483312574034319e-07
1.206738761376462811e-07
1.206653613183204490e-07
1.206227863771606092e-07
1.206057565436172518e-07
1.206823911193818663e-07
1.206738761701282211e-07
1.206568462391390172e-07
1.206483313873312451e-07
1.206313013588961944e-07
1.206398163081498132e-07
1.206398164055956598e-07
1.206398163731137197e-07
1.206398162756678467e-07
1.206398164055956598e-07
1.206398164380776263e-07
1.206568463365848903e-07
1.206227864746064558e-07
1.206483313548493050e-07
1.206653612533565425e-07
1.206398164055956598e-07
1.206313014238601010e-07
1.206142715253528371e-07
1.206398162756678467e-07
1.206398163731137197e-07
1.206313013264142279e-07
1.206142714603889305e-07
1.206313013264142279e-07
1.206313012939322879e-07
1.206227865070884223e-07
1.206142714928708706e-07
1.205972415618816666e-07
1.206227864421245158e-07
1.206313012939322879e-07
1.206398164055956598e-07
1.206568462391390172e-07
1.206227865395703624e-07
1.205972415293997265e-07
1.206227864421245158e-07
1.206142714603889305e-07
1.206057565598582351e-07
1.206142715903167437e-07
1.206313014563420411e-07
1.206313013264142279e-07
1.206142714603889305e-07
1.205716967466027504e-07
1.205887267100738945e-07
1.206568462716209837e-07
1.206227865070884223e-07
1.206142714603889305e-07
1.205887266126280478e-07
1.206057565760992184e-07
1.206313013913781345e-07
1.206057565111353118e-07
1.206227864421245158e-07
1.206227864421245158e-07
1.205972416268455732e-07
1.206313012614503213e-07
1.205887266451099879e-07
1.206227865070884223e-07
1.205546668156135464e-07
1.205972413994719134e-07
1.206057565436172518e-07
1.205802116633744291e-07
1.205716967141207839e-07
1.206313013588961944e-07
1.206057566410631249e-07
1.205802116633744291e-07
1.205802116308924626e-07
1.205802116308924626e-07
1.205716967466027504e-07
1.206057565760992184e-07
1.205716966491568773e-07
1.205716968115666570e-07
1.206142714603889305e-07
1.205716967141207839e-07
1.205631817323851987e-07
1.205972415943636331e-07
1.205716966491568773e-07
1.205802116308924626e-07
1.205802115659285560e-07
1.206057566085811584e-07
1.205887266775919544e-07
1.205887266775919544e-07
1.206142714928708706e-07
1.205972414969177600e-07
1.205802116958563692e-07
1.206057565436172518e-07
1.205972415943636331e-07
1.206057565436172518e-07
1.205631817973491317e-07
1.205716967466027504e-07
1.205887265801460813e-07
1.206142714279069640e-07
1.205972415618816666e-07
1.205972415293997265e-07
1.205802116958563692e-07
1.205887266451099879e-07
1.205631816999032586e-07
1.205887266126280478e-07
1.205972415781226498e-07
1.205631817648671652e-07
1.205802116633744291e-07
1.205972415618816666e-07
1.205716968115666570e-07
1.205802116633744291e-07
1.205716967141207839e-07
1.205972415943636331e-07
1.205461518013959947e-07
1.205631818623130383e-07
1.205887266126280478e-07
1.205631818298310718e-07
1.205716967303617672e-07
1.205887265801460813e-07
1.205716967466027504e-07
1.206057565436172518e-07
1.205887265314231580e-07
1.205631817973491317e-07
1.205461518663599012e-07
1.205802116633744291e-07
1.206057564461714052e-07
1.205631817648671652e-07
1.205716966816388439e-07
1.205631817973491317e-07
1.204950620733922893e-07
1.206142714603889305e-07
1.205631817323851987e-07
1.206057564461714052e-07
1.205461518988418678e-07
1.205291219353706973e-07
1.205461519313238078e-07
1.205631817973491317e-07
1.205546667993725632e-07
1.205546668480954865e-07
1.205461518826008845e-07
1.205461518338779612e-07
1.205291220003346038e-07
1.205376369171062825e-07
1.205802117608202757e-07
1.205631817973491317e-07
1.205546668156135464e-07
1.205546668156135464e-07
1.205631817323851987e-07
1.205376369171062825e-07
1.205461518013959947e-07
1.205376369495882490e-07
1.205546668480954865e-07
1.205461518663599012e-07
1.205546668480954865e-07
1.205631817648671652e-07
1.205376368846243425e-07
1.205461518013959947e-07
1.205631818298310718e-07
1.205546668156135464e-07
1.205376368846243425e-07
1.205631817323851987e-07
1.205631818298310718e-07
1.205376368521423759e-07
1.205206069536351120e-07
1.205376369495882490e-07
1.205035771525737212e-07
1.205120920693453999e-07
1.205546667831315799e-07
1.205376369008652993e-07
1.205546667831315799e-07
1.205546667831315799e-07
1.205546668480954865e-07
1.205461518663599012e-07
1.205461518663599012e-07
1.205376369495882490e-07
1.205376369171062825e-07
1.205206069536351120e-07
1.205376369171062825e-07
1.205291220003346038e-07
1.205802116633744291e-07
1.205291219678526638e-07
1.205716967141207839e-07
1.205291219678526638e-07
1.205461518988418678e-07
1.205461518663599012e-07
1.205291219678526638e-07
1.205631817648671652e-07
1.205291219353706973e-07
1.205631817973491317e-07
1.205631817973491317e-07
1.205291219678526638e-07
1.205376368521423759e-07
1.205376369171062825e-07
1.205206069861170785e-07
1.205206069861170785e-07
1.205206070185990186e-07
1.205120921018273664e-07
1.205291219028887572e-07
1.205546667831315799e-07
1.205120921343093064e-07
1.205546668480954865e-07
1.204865472215845172e-07
1.205291220003346038e-07
1.205376368846243425e-07
1.205206070510809851e-07
1.205291220003346038e-07
1.204950620409103228e-07
1.205376369171062825e-07
1.205291219353706973e-07
1.205206069861170785e-07
1.205291219678526638e-07
1.205546668805774530e-07
1.204950621058742293e-07
1.205631816674212921e-07
1.205206068886712054e-07
1.205035770876098146e-07
1.205376368846243425e-07
1.205206069861170785e-07
1.205206070185990186e-07
1.205376368846243425e-07
1.205206069536351120e-07
1.205376369171062825e-07
1.205291219028887572e-07
1.205291219678526638e-07
1.205206070185990186e-07
1.205206068886712054e-07
1.205120920693453999e-07
1.205120920368634598e-07
1.205120920368634598e-07
1.205291219678526638e-07
1.205291219028887572e-07
1.205291219353706973e-07
1.204780322723308985e-07
1.205291219678526638e-07
1.205291219028887572e-07
1.205120921018273664e-07
1.204865471241386706e-07
1.205291219678526638e-07
1.205291219028887572e-07
1.204950622033201024e-07
1.205120920368634598e-07
1.205120920693453999e-07
1.205376369171062825e-07
1.205206068886712054e-07
1.204780321099211188e-07
1.205206069536351120e-07
1.205376369171062825e-07
1.205206070835629252e-07
1.205120920368634598e-07
1.205035770551278745e-07
1.205035771525737212e-07
1.205120920368634598e-07
1.205291220003346038e-07
1.205206070185990186e-07
1.204610022438958214e-07
1.204865472215845172e-07
1.205120920693453999e-07
1.205120920693453999e-07
1.205035771525737212e-07
1.205461518338779612e-07
1.205206070185990186e-07
1.205120920043814933e-07
1.205120920693453999e-07
1.205376369171062825e-07
1.205291220003346038e-07
1.204950621708381359e-07
1.205120920368634598e-07
1.204865471891025771e-07
1.205035771200917811e-07
1.205120921018273664e-07
1.205120920368634598e-07
1.205120920368634598e-07
1.204865470916567040e-07
1.204780322398489319e-07
1.204780322398489319e-07
1.205035771200917811e-07
1.204610023088597279e-07
1.205376368521423759e-07
1.205120920693453999e-07
1.204865471891025771e-07
1.204950621383561959e-07
1.205035771200917811e-07
1.205035770876098146e-07
1.204950621383561959e-07
1.204865471891025771e-07
1.204780322398489319e-07
1.204950621383561959e-07
1.205035771525737212e-07
1.204865470916567040e-07
1.204865472540664837e-07
1.204610023738236345e-07
1.204780322723308985e-07
1.204780323048128385e-07
1.204524873920880493e-07
1.204695171931494401e-07
1.205035770876098146e-07
1.204950621383561959e-07
1.204950621383561959e-07
1.204695172581133467e-07
1.204695173230772533e-07
1.204780321748850254e-07
1.204695171931494401e-07
1.204950621383561959e-07
1.204354574610988453e-07
1.205035770876098146e-07
1.205035770551278745e-07
1.204524874245700158e-07
1.204695172581133467e-07
1.204950621058742293e-07
1.205035770226459080e-07
1.205035770551278745e-07
1.204695172905953132e-07
1.204695172581133467e-07
1.204610023088597279e-07
1.205035770551278745e-07
1.204865472215845172e-07
1.204695172905953132e-07
1.204865472215845172e-07
1.204865472215845172e-07
1.204950622033201024e-07
1.204780322723308985e-07
1.204780322560899152e-07
1.204780322073669919e-07
1.204780323048128385e-07
1.204354574123759220e-07
1.204865472215845172e-07
1.204610023088597279e-07
1.204780323048128385e-07
1.204950621708381359e-07
1.204865471241386706e-07
1.204695171606675001e-07
1.204865471891025771e-07
1.204780322398489319e-07
1.204695172905953132e-07
1.205035771200917811e-07
1.204524873920880493e-07
1.204865471891025771e-07
1.204610023738236345e-07
1.204439724753163706e-07
1.204780323048128385e-07
1.204524873596061092e-07
1.204695172256314066e-07
1.204865471566206106e-07
1.204439724103524640e-07
1.204865472215845172e-07
1.204780323048128385e-07
1.204610023088597279e-07
1.204695172905953132e-07
1.204610022763777879e-07
1.204269424793632600e-07
1.204439723778705240e-07
1.204610023088597279e-07
1.204524873596061092e-07
1.204780322723308985e-07
1.204524873596061092e-07
1.204269424468813200e-07
1.204524873596061092e-07
1.204610024063056010e-07
1.204524874245700158e-07
1.204524873271241427e-07
1.204439724428344305e-07
1.204780323372948050e-07
1.204439725077983371e-07
1.204439724428344305e-07
1.204610023738236345e-07
1.204524873271241427e-07
1.204950622033201024e-07
1.204695172905953132e-07
1.204269424793632600e-07
1.204524873596061092e-07
1.204013975991204373e-07
1.204269425768091331e-07
1.204524873271241427e-07
1.204780322073669919e-07
1.204439724428344305e-07
1.204184274813867180e-07
1.204610022763777879e-07
1.204695172905953132e-07
1.204524872946422026e-07
1.204354574935808118e-07
1.204439724103524640e-07
1.204695172581133467e-07
1.204524873596061092e-07
1.204354574610988453e-07
1.204780322723308985e-07
1.204184275301096413e-07
1.204354575260627519e-07
1.204439724265934473e-07
1.204780323372948050e-07
1.204099125808560226e-07
1.204439724753163706e-07
1.204013976965662839e-07
1.203758527188775881e-07
1.204099126458199291e-07
1.204184275950735479e-07
1.204354574773398285e-07
1.204439724428344305e-07
1.204439724590754138e-07
1.204354575260627519e-07
1.204354574935808118e-07
1.204439724753163706e-07
1.203928826823487586e-07
1.204354574935808118e-07
1.204524873596061092e-07
1.204354573961349387e-07
1.204439724428344305e-07
1.203843677655770800e-07
1.204013975991204373e-07
1.204099126458199291e-07
1.204354574935808118e-07
1.204354574935808118e-07
1.204184276275555144e-07
1.203928826498668186e-07
1.204184275950735479e-07
1.204184275950735479e-07
1.204269425443271666e-07
1.204099125483740560e-07
1.204269426092910732e-07
1.204184275301096413e-07
1.204099125483740560e-07
1.204269425118452266e-07
1.204099126133379626e-07
1.204354575260627519e-07
1.203928826498668186e-07
1.204184274976276748e-07
1.204184275301096413e-07
1.203928827473126652e-07
1.204184274976276748e-07
1.204099126458199291e-07
1.204354574935808118e-07
1.204099125970969794e-07
1.204099126783018692e-07
1.204099126458199291e-07
1.204013975991204373e-07
1.204269425443271666e-07
1.203758526863956481e-07
1.204184275625916078e-07
1.204439724753163706e-07
1.204184275625916078e-07
1.204354574448578620e-07
1.204269425118452266e-07
1.203843677006131734e-07
1.203928827473126652e-07
1.204099126458199291e-07
1.204184275625916078e-07
1.203843678305409865e-07
1.204184276275555144e-07
1.204184275950735479e-07
1.204099126133379626e-07
1.203928827473126652e-07
1.203843677655770800e-07
1.203843677655770800e-07
1.204013976640843439e-07
1.203928826823487586e-07
1.203588228853342572e-07
1.204099126133379626e-07
1.204013976640843439e-07
1.203843677980590465e-07
1.204184276113145311e-07
1.204013976965662839e-07
1.204013976965662839e-07
1.203843677980590465e-07
1.204013976965662839e-07
1.203843676681312333e-07
1.204099125483740560e-07
1.203928827473126652e-07
1.203758528488054013e-07
1.203928828122765718e-07
1.204269425768091331e-07
1.203673378021059359e-07
1.204099127107838357e-07
1.203673378995517825e-07
1.203758527513595547e-07
1.203928827148307252e-07
1.203673378833107993e-07
1.203758528163234612e-07
1.203843676681312333e-07
1.204184275788325646e-07
1.203928827473126652e-07
1.203758527513595547e-07
1.203928827473126652e-07
1.204013976640843439e-07
1.203843677980590465e-07
1.204013975991204373e-07
1.203928827148307252e-07
1.203928826011438688e-07
1.203843677980590465e-07
1.203928826498668186e-07
1.204013976965662839e-07
1.203843677655770800e-07
1.203928827148307252e-07
1.204013976640843439e-07
1.203673378670698425e-07
1.203758527513595547e-07
1.204013975991204373e-07
1.204013976640843439e-07
1.203588228528522907e-07
1.203758526863956481e-07
1.203928827148307252e-07
1.203843677655770800e-07
1.203758527838414947e-07
1.204184274976276748e-07
1.203673378345878760e-07
