5.147012160505567424e-01
2.845334096210343500e-01
2.606776719263621533e-01
2.417310367567198637e-01
2.272617750976766993e-01
2.096379038989543975e-01
1.926686688704150052e-01
1.749851352934326532e-01
1.591103951547827022e-01
1.424155918263963205e-01
1.306901922353676249e-01
1.170643648377486662e-01
1.062112752592989373e-01
9.858100482289279543e-02
9.119153062892811079e-02
8.508026917385203003e-02
7.869745901865618509e-02
7.343220583296247717e-02
7.167979124241641298e-02
6.656762553405548566e-02
6.389942838890211307e-02
6.154289623749042981e-02
5.951086372482989467e-02
5.763734249757336559e-02
5.230697226630789953e-02
5.200093281029590647e-02
4.960308662456060919e-02
4.707734319258348454e-02
4.505632561392017982e-02
4.278742095016475205e-02
4.083535462814116834e-02
4.074772416307990280e-02
3.872346758084105334e-02
3.678267738735303133e-02
3.509497695177352800e-02
3.380197915840627704e-02
3.267467452625610891e-02
3.310105800828231498e-02
3.052566282221648442e-02
3.019822670659050301e-02
2.943495574793113245e-02
2.798518710026317788e-02
2.657888057788035732e-02
2.581802708070193159e-02
2.492975705689085344e-02
2.391822764144412028e-02
2.228627709833173182e-02
2.194347586928467597e-02
2.211918610273693950e-02
2.218229614420644258e-02
1.988423401387990480e-02
1.989592472337452581e-02
1.967301629176446479e-02
1.811139902465843873e-02
1.851641188941097541e-02
1.636478396443583755e-02
1.641185343517073680e-02
1.669563434325391574e-02
1.563557302360381318e-02
1.499081375522239717e-02
1.421263978827794552e-02
1.400481378719268914e-02
1.380517723332117669e-02
1.249557701094142562e-02
1.265480444903784897e-02
1.216797779048959388e-02
1.192614851784726086e-02
1.151091304162036970e-02
1.090032976221742313e-02
1.056688972434702452e-02
9.948521149602519709e-03
9.667500982169128024e-03
9.903622738690630312e-03
8.991528936168054903e-03
8.315023731862311585e-03
8.320426009774175083e-03
8.295341747627390031e-03
7.467425495116653163e-03
7.394846068899433959e-03
7.254446422875584707e-03
6.843419598123416138e-03
6.842819067838718135e-03
6.599421348384306926e-03
5.951986543413243479e-03
6.319173560762595190e-03
5.731816260151390702e-03
5.355063775633035414e-03
5.166868758217398397e-03
5.101724759482489241e-03
4.570255321965955263e-03
4.864352608452723707e-03
4.165562812319811500e-03
4.111245732656762866e-03
3.972137754550463494e-03
3.725979108981976144e-03
3.706912156254085332e-03
3.703532311200563414e-03
3.358758590215334822e-03
3.586251639237941161e-03
3.074128512287838209e-03
2.776632294253431749e-03
2.896601083086612193e-03
2.729270667867370135e-03
2.679273774399981885e-03
2.549160235834343775e-03
2.449854994850868793e-03
2.280990439400381632e-03
2.402701327347456142e-03
2.078663225517565251e-03
1.925782358455860278e-03
1.825934143906936475e-03
1.812801597092402600e-03
1.853404444503439601e-03
1.662881670126385540e-03
1.453784507632755341e-03
1.737426752369758973e-03
1.331887848993574142e-03
1.462442523887602782e-03
1.766849719366291602e-03
1.212741595269822619e-03
1.182593860875515851e-03
1.110357505030184089e-03
1.029871832694912717e-03
1.248204732470510180e-03
1.203061475079168991e-03
1.650205751070838410e-03
8.796103825967358306e-04
8.213881226359782397e-04
7.772392064757696313e-04
7.808446538148083307e-04
7.542909040799778905e-04
7.125032038990346652e-04
7.671167776891901508e-04
8.771712453183876145e-04
7.832939342187858912e-04
5.416899670861182554e-04
5.910482236867144927e-04
5.861181824350621215e-04
5.297612073689574128e-04
5.316816378006348912e-04
5.493511454465079252e-04
4.866325181564142314e-04
4.577914620574249633e-04
4.673077274507185085e-04
3.845678628953399722e-04
4.645274067423607730e-04
3.547630556694392374e-04
3.461202946831625285e-04
4.352347686998590294e-04
3.079320306512402456e-04
1.074881895571544628e-03
2.751473710187448611e-04
2.473352275466953018e-04
2.589315825157915214e-04
2.500872079128515059e-04
2.480922891695626939e-04
2.470508474889681781e-04
2.275713876148951576e-04
2.943716069638152859e-04
2.274179483615950867e-04
2.109354541852975925e-04
2.053373359020887123e-04
1.921919237260161456e-04
2.150701626601078621e-04
1.983018526244515215e-04
2.036228309380671154e-04
1.802620396421324210e-04
1.502598923639522621e-04
1.384042491087517047e-04
3.101265700418187935e-04
1.309800131901316274e-04
1.411246732386644014e-04
1.155769132625761921e-04
1.174341289310924742e-04
1.032842341383976849e-04
9.949250199994301371e-05
1.290495742901092595e-04
9.332908264225027548e-05
1.086496071209402145e-04
5.243515760653119293e-04
8.986117173823718286e-05
8.134349359722493900e-05
7.776180756549624863e-05
7.922960031459882221e-05
7.416750394406790921e-05
7.444172495089723327e-05
7.236291145734087234e-05
7.774424254015295283e-05
7.383728369710037588e-05
6.624051275725507471e-05
7.086251302808119895e-05
6.721890048015665992e-05
6.829324779338158955e-05
6.506560414356955043e-05
5.532754036171030009e-05
5.627948992105302745e-05
5.277247527517049946e-05
2.964703904005676263e-04
4.164377270059763320e-05
3.983390097118899521e-05
3.969214461907151161e-05
3.854980104451247332e-05
3.803975991309016259e-05
3.677516407766948710e-05
3.753875286245796864e-05
3.815426118805070101e-05
3.440392160920120181e-05
3.348170615856815716e-05
6.799591021334663431e-04
4.727098790881103065e-05
3.087286490082468462e-05
2.929544957471210014e-05
2.819216868707436659e-05
2.863235904417901423e-05
2.770674280379483088e-05
2.732212560447676078e-05
2.757546853581516289e-05
2.677747899479397448e-05
2.649370156770406267e-05
2.556944618936540841e-05
2.650031370239958116e-05
2.605603109028769218e-05
2.560686241455252025e-05
2.447093214701518606e-05
2.443147512513275639e-05
2.298680932524023774e-05
2.118583579715505174e-05
6.959104153533448949e-05
2.718133837208824895e-05
1.757870457861697395e-05
1.841812449387296964e-05
1.874147174752189443e-05
1.773659931838470204e-05
1.687156224085941127e-05
1.622263950516104040e-05
1.696022653810099869e-05
1.990611345115667110e-05
2.112287121612358169e-05
1.317877447037777232e-05
1.338167382503538009e-05
1.312884257447421991e-05
1.352787547076721689e-05
1.353399854316908879e-05
1.222740740445260633e-05
1.220485243902658135e-05
1.123816162165829690e-05
1.621638997440706087e-05
1.017024702408824469e-05
9.061374717719315467e-06
8.540642203927616176e-06
8.645255135044343484e-06
8.130479969638925412e-06
8.247255104070713263e-06
9.966633154444285076e-06
6.870000483932666741e-06
6.601820988099202330e-06
6.322659700994595797e-06
5.903048285128014407e-06
5.562306090187771058e-06
7.049199014951617179e-06
5.223471273585086658e-06
5.418325030063897436e-06
4.195919848164716325e-05
4.897975723695578876e-06
4.420043473260193775e-06
4.244880029481074993e-06
4.136623479472031622e-06
4.048457683097694440e-06
4.023648080192288157e-06
3.844616133863253178e-06
3.889047296882251722e-06
3.722007314455108009e-06
3.669825354969751783e-06
3.677447602789080886e-06
3.671297932100969737e-06
3.464543784502893666e-06
3.497463387199266866e-06
3.476447316886931147e-06
6.076980274591343161e-06
3.032609769986395865e-06
2.881696433892752352e-06
2.855275181722000797e-06
3.002869088797004821e-06
2.938280215516897419e-06
2.922154548351889705e-06
2.478931965437628371e-06
2.531171818418442803e-06
9.700598065088733476e-06
2.182750628402832917e-06
2.011935072849675180e-06
1.965285308951284192e-06
1.923868622806626735e-06
1.920683955501902190e-06
1.920495403071852136e-06
1.870283484842210287e-06
1.741373230564542006e-06
2.049699320342109949e-06
1.677726926751737183e-06
5.125984265094172824e-06
1.662268141525861031e-06
1.454941913769809094e-06
1.423160700613022670e-06
1.413624691995859599e-06
1.333922033528064518e-06
1.307620535288021736e-06
1.432843391983494432e-06
1.358019578479538000e-06
1.385584839551613982e-06
1.229893781393392238e-06
1.162410791835100107e-06
4.982595160494644127e-06
1.087312003733131765e-06
1.006275804960361199e-06
1.000908569283507940e-06
9.635765617628878163e-07
9.503342206796462887e-07
9.243891963543709270e-07
9.200726352836292295e-07
9.160802454256814072e-07
9.087108964454923298e-07
8.931441195077890804e-07
8.677288367867471388e-07
8.812027644548184673e-07
9.587510758625026417e-07
7.983281516479629384e-07
7.761817751413347920e-07
7.291234619190488679e-07
3.622509169726332188e-06
6.974337168880343172e-07
6.480351218475075052e-07
6.307758093433741123e-07
6.194741695740698664e-07
6.078250836968176510e-07
6.105086881851612806e-07
5.836164653731299998e-07
5.775871400308979891e-07
5.771972976162942859e-07
5.703323374908515227e-07
6.367696301075348940e-07
5.340493591217766548e-07
5.342707884372949787e-07
5.243774969910321584e-07
5.805203899496649065e-07
4.793122477459682253e-07
5.362731878091966114e-07
5.692943520411322858e-07
5.692287978393193882e-07
4.541353936247105479e-07
4.049755135448711947e-07
4.663125044674285960e-07
3.943484364786595082e-07
1.009663465911866516e-06
3.951759639124118098e-07
3.630042495582789019e-07
3.548976468437103734e-07
3.504019699026425230e-07
3.341543956919070347e-07
3.311997084633081234e-07
3.476598333723554262e-07
3.348446560786604570e-07
3.990594912823196096e-07
3.220886470022118774e-07
3.083876472373958711e-07
3.246689350524840237e-07
3.877290548806351161e-07
2.849458130153185107e-07
2.872960242744479012e-07
2.963913201158772766e-07
3.454152035341654412e-07
2.662808147988471099e-07
2.680348879299084951e-07
2.711938825379028023e-07
2.596133547772946307e-07
2.638626691740293003e-07
3.993685073347867899e-06
3.550718078843471898e-07
2.651653408228022677e-07
2.476667926885056523e-07
2.410589979230540787e-07
2.368951075076048711e-07
2.363672148898591153e-07
2.330888845238275478e-07
2.322799623308518175e-07
2.308153417678633043e-07
2.290101836186815064e-07
2.287632269956572601e-07
2.276137038441967340e-07
2.245823467806725778e-07
2.215339732012060708e-07
2.280054287991463631e-07
2.219001342577290225e-07
2.148752697296783520e-07
2.191583421823192420e-07
2.205122013784992904e-07
2.269669185872251953e-07
2.151306683150064006e-07
2.164591005241943184e-07
2.104389190305612597e-07
2.255191930251905030e-07
2.439630826854357156e-07
2.169360545037436907e-07
2.009533183776771433e-07
2.937713806302001817e-07
1.901731581028798367e-07
1.884275777034158102e-07
1.882998757634725731e-07
1.906159833099861419e-07
1.886149291132304436e-07
1.942944862613720489e-07
1.842382043183274064e-07
1.818029545087743586e-07
1.845958663092720423e-07
1.749057642298014767e-07
1.752038179217509242e-07
1.708100555301176280e-07
1.713635252826861777e-07
1.738584175460086326e-07
5.359886774028512411e-07
1.737222146565337890e-07
1.645940907012897918e-07
1.631124832946235397e-07
1.623205906266126171e-07
1.612136396878278283e-07
1.609837424244428080e-07
1.605750189647941175e-07
1.600470897723685636e-07
1.594595606288099352e-07
1.587102491384939629e-07
1.588294522564735536e-07
1.581142108761923771e-07
1.575522069288126678e-07
1.566836814715446012e-07
1.579439078308756166e-07
5.798167815263306392e-07
1.647048270732349443e-07
1.583015307460300381e-07
1.564452643541309496e-07
1.555511906547378223e-07
1.541632399591565205e-07
1.536097723179149741e-07
1.542909730005703672e-07
1.523240061130439086e-07
1.520600446026167204e-07
1.517279578787825446e-07
1.514554788855093548e-07
1.501612026686416232e-07
1.515832026370844556e-07
1.503996279877485657e-07
1.495821840405499567e-07
1.483645370074425146e-07
1.496588294003231684e-07
1.488669289853663009e-07
1.475811673279687485e-07
1.485859659656593391e-07
1.467466959996142752e-07
1.494544740938051485e-07
1.468829444775110532e-07
1.438005201797360612e-07
1.486540752953909973e-07
1.429830785225151655e-07
1.443284560309621050e-07
1.408713637991760468e-07
1.428042721889661619e-07
1.416462288261755052e-07
1.404285865029513558e-07
1.432300394981211788e-07
1.424721885996405114e-07
1.373206243085535640e-07
1.393386780819127954e-07
1.398836452446110910e-07
1.376441956608687151e-07
1.442262893403624551e-07
1.352770325248846763e-07
1.359752575191513150e-07
1.361625895859625875e-07
1.398921762074678522e-07
1.353196075959723557e-07
1.403860669435224392e-07
1.340083020327905793e-07
1.341956325729500340e-07
1.342892962676549806e-07
1.344851399380786435e-07
1.372525158883165977e-07
1.323478831929086178e-07
1.330631412689139691e-07
1.326203624297964506e-07
1.317603515969624699e-07
1.328928441353127597e-07
1.338465225119632376e-07
1.332334424302773860e-07
1.319391687307610804e-07
1.306278625666631615e-07
1.302787482180584783e-07
1.306278609100835307e-07
1.307470708817553310e-07
1.305767725463218633e-07
1.350556538812140622e-07
1.298530019247274630e-07
1.288908098656195578e-07
1.292654672105137731e-07
1.288141764916872546e-07
1.430087461520607960e-07
1.279201047736933176e-07
1.283799151516567210e-07
1.285927868691162973e-07
1.283543696867387392e-07
1.275624764665345975e-07
1.281755545668212589e-07
1.309088677641869229e-07
1.522988475406756426e-07
1.272048471199533458e-07
1.270430634414359305e-07
1.268557343629644134e-07
1.265832558569205361e-07
1.266258306681525628e-07
1.267705853251754926e-07
1.266088008670911720e-07
1.268387049516864620e-07
1.272899981391414567e-07
1.263363227021078108e-07
1.269323696858139402e-07
1.357368714544853498e-07
1.260382979353380631e-07
1.266513760356246981e-07
1.258850293684840197e-07
1.262511729659568746e-07
1.259531487676213028e-07
1.262000829780975429e-07
1.255274010775662829e-07
1.252464074598590072e-07
1.254081913982320489e-07
1.254337366682583375e-07
1.252634374233301513e-07
1.253826472001102319e-07
1.257232455275568247e-07
1.250761086047142605e-07
1.254252229370779604e-07
1.255614611344364106e-07
1.240713434559178660e-07
1.250846248370050539e-07
1.255188909356417771e-07
1.244374868260170612e-07
1.251101702532001389e-07
1.241054029281128610e-07
1.247525406630042442e-07
1.245737270210156583e-07
1.250165044796501290e-07
1.241905531027701335e-07
1.245141216616372755e-07
1.237733202320409192e-07
1.239776793389475134e-07
1.256125520967543673e-07
1.235604463707724260e-07
1.239521342962949110e-07
1.231432133376334321e-07
1.235178713971306197e-07
1.231176683599447363e-07
1.235519309342894948e-07
1.232113331265541811e-07
1.233135127449713715e-07
1.233731172598189424e-07
1.237648054776790202e-07
1.232198483031814861e-07
1.379083436826736617e-07
1.228707347991075883e-07
1.228537047706725377e-07
1.227259804669042178e-07
1.228366749371291803e-07
1.225982561631358979e-07
1.225471663701682595e-07
1.224790467111753501e-07
1.225131065406718180e-07
1.226493458911396033e-07
1.226919204749979702e-07
1.224279569344486950e-07
1.718005874603737376e-07
1.255359195348709095e-07
1.228281599229116550e-07
1.224364721597989232e-07
1.222832028783419075e-07
1.222576580630629914e-07
1.221725085055628181e-07
1.221980531259500145e-07
1.221469635928380289e-07
1.222065682376134129e-07
1.222150830894211850e-07
1.220618140028558890e-07
1.220703290170734143e-07
1.221129035359678747e-07
1.220447839094569054e-07
1.219851791997176148e-07
1.219851793296454279e-07
1.221725083756350050e-07
1.219596344494026052e-07
1.218915149203374825e-07
1.220107240799604375e-07
1.221214186151493330e-07
1.220447840393847185e-07
1.223342924439358597e-07
1.218319100481884122e-07
1.220618141327837022e-07
1.215849764386283409e-07
1.216871557809489483e-07
1.219851795245371476e-07
1.218404251598518106e-07
1.217382455089526536e-07
1.218915149203374825e-07
1.222150829919753119e-07
1.217893353344022321e-07
1.217127007748786009e-07
1.216020062884126551e-07
1.217212156754092963e-07
1.215253717451300335e-07
1.214827971287897001e-07
1.212869528736908780e-07
1.216786411240328959e-07
1.215424015786733644e-07
1.217212156104453897e-07
1.214913118831515991e-07
1.219255750096895767e-07
1.216871561382504212e-07
1.214913118506696590e-07
1.212699230076655806e-07
1.212954678229444967e-07
1.215168566009846686e-07
1.213721025123959411e-07
1.214231920617489101e-07
1.212869530685825977e-07
1.213295277823687778e-07
1.214998268648871844e-07
1.211421987363792272e-07
1.210485342621073488e-07
1.212954678554264633e-07
1.210911089434115888e-07
1.210485341321795356e-07
1.210825939941579701e-07
1.218830001334936170e-07
1.209633846721252354e-07
1.209463546436901583e-07
1.209804146680783460e-07
1.210570491139151209e-07
1.212528932390861298e-07
1.206909059711896120e-07
1.211081387444729796e-07
1.212784379406782161e-07
1.209037798649400717e-07
1.210059592884655424e-07
1.207845704129795239e-07
1.208782350171791890e-07
1.209122948791575970e-07
1.208016004738965410e-07
1.208271453216574237e-07
1.207249658331680464e-07
1.208186304698496516e-07
1.206483312574034319e-07
1.208697201653714169e-07
1.206738761051643146e-07
1.205972414969177600e-07
1.223342936457681446e-07
1.205206069211531720e-07
1.206227861822688895e-07
1.206398164055956598e-07
1.205546666207218267e-07
1.207164508514324612e-07
1.206568462391390172e-07
1.205376369495882490e-07
1.206398161782220000e-07
1.208612051511538916e-07
1.207249660280597661e-07
1.204695171606675001e-07
1.205035770551278745e-07
1.204695172905953132e-07
1.205291218054428841e-07
1.215594323541933803e-07
1.203928825199389790e-07
1.202907031613774148e-07
1.204950619921873995e-07
1.204865471241386706e-07
1.204439723778705240e-07
1.203588229502981638e-07
1.204354574286169052e-07
1.206994211802988835e-07
1.206568461416931705e-07
1.204184274651457347e-07
1.203162480091382975e-07
1.204354573636529987e-07
1.205461519313238078e-07
1.202992181755949401e-07
1.204610022763777879e-07
1.203588227554064441e-07
1.202821881796418296e-07
1.204524871971963295e-07
1.202396134008917429e-07
1.205631817648671652e-07
1.202310985166020308e-07
1.203503078386347654e-07
1.202225835023845055e-07
1.202396134008917429e-07
1.206483312898853984e-07
1.202566433643629134e-07
1.201714937743807736e-07
1.203162478467285443e-07
1.203162479766563574e-07
1.202651582811345921e-07
1.201118891620873296e-07
1.201714938718266467e-07
1.203417928244172401e-07
1.202821883745335493e-07
1.201118891296053896e-07
1.201714937094168670e-07
1.200948591986161856e-07
1.202225835023845055e-07
1.200437694868534370e-07
1.201204040138951017e-07
1.203503080335264851e-07
1.201204040788590083e-07
1.200778293001089216e-07
1.200011947243443336e-07
1.201544638109096031e-07
1.200693142534094298e-07
1.201714938068627401e-07
1.202992181106310336e-07
1.201629787601632483e-07
1.200863442818445069e-07
1.201374339773662722e-07
1.201800087236343923e-07
1.200011947243443336e-07
1.200863444117723200e-07
1.199671348298839591e-07
1.200778293001089216e-07
1.200948592310981256e-07
1.206994213751906032e-07
1.200011946918623671e-07
1.200097096411159858e-07
1.200097096411159858e-07
1.198819853048657259e-07
1.199330751303153043e-07
1.199841648420780529e-07
1.199245601485797191e-07
1.200607994340836242e-07
1.199245601485797191e-07
1.200011946918623671e-07
1.199841648258370697e-07
1.199501050937864748e-07
1.199926796776448418e-07
1.200097096086340457e-07
1.199586199131122804e-07
1.199586199131122804e-07
1.199756498116195444e-07
1.199160451343621938e-07
1.200182246553335376e-07
1.200267395396232497e-07
1.198394106235615123e-07
1.199415900795689231e-07
1.199160451993261003e-07
1.198053507615830779e-07
1.204865472540664837e-07
1.197968358772933657e-07
1.198394105261156392e-07
1.199501050288225683e-07
1.198564405545507163e-07
1.198649554713223685e-07
1.200182246228515711e-07
1.198734704205760137e-07
1.198053506966191713e-07
1.199841648258370697e-07
1.197712910295324830e-07
1.198394104936336727e-07
1.198990152358549298e-07
1.197968358123294591e-07
1.198308957717537402e-07
1.198819854023115989e-07
1.199160451993261003e-07
1.199245600836158125e-07
1.199075302175905151e-07
1.197712909970505165e-07
1.197968358123294591e-07
1.197627760477968978e-07
1.198734703556121071e-07
1.199841648258370697e-07
1.197712908996046699e-07
1.198053507615830779e-07
1.198308956418259270e-07
1.197287162832643364e-07
1.198394106560434523e-07
1.197542610660613125e-07
1.197798059463041617e-07
1.197372311025901685e-07
1.197712909645685765e-07
1.197883208955577804e-07
1.197287162183004299e-07
1.199586199293532637e-07
1.197627759178690846e-07
1.197372311675540751e-07
1.199245601160977790e-07
1.197116862873112259e-07
1.197542610010974060e-07
1.196946563888039884e-07
1.197542610660613125e-07
1.198819853048657259e-07
1.197457460518437872e-07
1.197202012365648446e-07
1.197116863847570990e-07
1.197287162183004299e-07
1.196435666283183165e-07
1.198223807250542484e-07
1.197372312000360151e-07
1.197457460843257273e-07
1.197627760153149577e-07
1.198223805626444687e-07
1.197287161533365233e-07
1.197372312000360151e-07
1.196350517440285779e-07
1.197287161208545832e-07
1.198819852723837858e-07
1.196435665958363500e-07
1.196946563563220219e-07
1.197883207981119338e-07
1.196435666608002566e-07
1.196946563238400554e-07
1.197287161533365233e-07
1.196350515816188247e-07
1.196605965917894606e-07
1.196350516141007647e-07
1.196265365674012729e-07
1.197116861898653793e-07
1.197116862223473193e-07
1.196520815450899687e-07
1.196605965268255540e-07
1.196946563888039884e-07
1.197116861898653793e-07
1.196435666608002566e-07
1.196350516465827313e-07
1.196009919145321100e-07
1.196009917846042968e-07
1.196350516790646713e-07
1.196520815775719352e-07
1.196691115085611392e-07
1.196350516790646713e-07
1.196009918820501699e-07
1.196180217155935273e-07
1.196180217155935273e-07
1.196605965268255540e-07
1.196861414070684032e-07
1.197457460518437872e-07
1.195924769003145847e-07
1.195924769327965512e-07
1.195839619185789994e-07
1.197287162183004299e-07
1.196435666932822231e-07
1.196095067338579420e-07
1.196776264253328179e-07
1.195754469368434142e-07
1.196435666608002566e-07
1.196350516790646713e-07
1.196180217480754673e-07
1.196265367947749592e-07
1.196265367298110526e-07
1.196435666283183165e-07
1.195924768678326446e-07
1.196180217805574338e-07
1.199841647283911966e-07
1.195584169733722701e-07
1.195499020890825315e-07
1.195584170383361767e-07
1.195924769003145847e-07
1.195839619185789994e-07
1.196095067338579420e-07
1.196776263928508514e-07
1.195754469368434142e-07
1.195413871723108793e-07
1.195839619835429060e-07
1.195499020566005914e-07
1.195754470342892873e-07
1.196691115085611392e-07
1.196009917683633400e-07
1.196946563238400554e-07
1.195584170708181167e-07
1.195669320200717619e-07
1.195158422595860900e-07
1.195754470667712538e-07
1.196095067663398821e-07
1.195669320200717619e-07
1.195328721905752940e-07
1.195584170058542102e-07
1.195243571763577687e-07
1.195413871073469727e-07
1.195669319875897954e-07
1.195158422595860900e-07
1.195584171033000833e-07
1.196265366973290861e-07
1.195754469693253807e-07
1.195584170383361767e-07
1.194902974118252074e-07
1.195328721580933275e-07
1.195328722230572341e-07
1.195499020566005914e-07
1.195243572738036153e-07
1.195158422271041235e-07
1.196009916871584502e-07
1.195413871073469727e-07
1.195413871723108793e-07
1.194988123285968861e-07
1.195243572413216753e-07
1.195499020728415747e-07
1.196435665633544099e-07
1.196180216506296207e-07
1.195158423245499966e-07
1.194988124260427327e-07
1.194732675457999100e-07
1.195158422920680301e-07
1.195073272778505048e-07
1.194732674808360034e-07
1.195158423570319367e-07
1.195584170708181167e-07
1.195073273103324448e-07
1.195328721905752940e-07
1.194732675133179434e-07
1.194732675133179434e-07
1.194902973468613008e-07
1.194732674483540369e-07
1.195584170708181167e-07
1.194902973793432409e-07
1.195073273752963514e-07
1.195584170058542102e-07
1.194988123610788261e-07
1.194306926696039502e-07
1.194221777853142381e-07
1.194392076838214755e-07
1.195243572088397088e-07
1.194817824625715622e-07
1.194477226005931542e-07
1.194988123935607926e-07
1.195073273103324448e-07
1.194306927345678568e-07
1.194732675133179434e-07
1.194988123935607926e-07
1.194477226005931542e-07
1.194902974443071474e-07
1.195328721905752940e-07
1.194817824625715622e-07
1.194902974118252074e-07
1.194902973955842241e-07
1.194732675133179434e-07
1.194647525640643247e-07
1.194562375498467729e-07
1.194817824625715622e-07
1.194562375823287395e-07
1.195499021215644980e-07
1.194221777528322715e-07
1.194477226330751207e-07
1.194988123935607926e-07
1.194732675457999100e-07
1.195073273103324448e-07
1.194732674808360034e-07
1.194732674483540369e-07
1.194477226655570608e-07
1.194051478543250076e-07
1.194392076838214755e-07
1.195073273265734281e-07
1.194562375823287395e-07
1.194306927345678568e-07
1.194647525315823582e-07
1.194732674808360034e-07
1.194477226655570608e-07
1.194136628360605929e-07
1.194221777528322715e-07
1.194562376148106795e-07
1.194562376148106795e-07
1.194221777528322715e-07
1.194136628035786528e-07
1.194477226005931542e-07
1.194221777853142381e-07
1.194732674808360034e-07
1.194221777853142381e-07
1.194051478543250076e-07
1.194902974118252074e-07
1.194392076838214755e-07
1.194477226330751207e-07
1.194562375823287395e-07
1.194221778177961781e-07
1.194817824300896221e-07
1.194562375823287395e-07
1.194562375823287395e-07
1.193966329050713889e-07
1.194392076513395355e-07
1.194051478868069741e-07
1.194306927020858903e-07
1.193966329375533554e-07
1.195073273428144114e-07
1.194221777528322715e-07
1.194136628035786528e-07
1.193966329050713889e-07
1.194221777203503315e-07
1.194732674483540369e-07
1.194221777528322715e-07
1.194221777528322715e-07
1.193881179558177701e-07
1.194051478868069741e-07
1.193966328725894488e-07
1.194136627710966863e-07
1.193966328725894488e-07
1.194477225681112142e-07
1.193881179558177701e-07
1.194221777528322715e-07
1.193881179558177701e-07
1.194051478868069741e-07
1.193796029416002448e-07
1.194051478543250076e-07
1.193966329050713889e-07
1.193966329050713889e-07
1.194477226330751207e-07
1.193796029416002448e-07
1.194136627710966863e-07
1.193966328401074823e-07
1.193796030228051082e-07
1.194051478218430676e-07
1.193966328725894488e-07
1.193966329050713889e-07
1.193881179558177701e-07
1.193796030390460915e-07
1.193796029416002448e-07
1.193966328725894488e-07
1.193796030065641514e-07
1.194051478868069741e-07
1.193710880248285662e-07
1.194306927345678568e-07
1.194051478056020843e-07
1.194221777853142381e-07
1.194221777528322715e-07
1.193285132135965130e-07
1.194306927020858903e-07
1.193796030065641514e-07
1.193796029740821849e-07
1.193710879923465996e-07
1.193966328725894488e-07
1.193881179233358036e-07
1.193796029740821849e-07
1.193625731080568875e-07
1.193881179233358036e-07
1.193796029740821849e-07
1.193625730755749210e-07
1.193710880248285662e-07
1.193710880248285662e-07
1.194392077163034421e-07
1.193881179233358036e-07
1.193966328725894488e-07
1.193710879923465996e-07
1.194136628035786528e-07
1.194306926696039502e-07
1.193881179233358036e-07
1.193455431445857170e-07
1.193370282278140383e-07
1.193540580938393622e-07
1.193540580938393622e-07
1.193285132135965130e-07
1.193881179233358036e-07
1.193881179558177701e-07
1.193540580938393622e-07
1.193285132460784795e-07
1.194136628360605929e-07
1.193455431445857170e-07
1.193625730430929809e-07
1.193540580938393622e-07
1.194221777528322715e-07
1.193455431445857170e-07
1.193285132135965130e-07
1.193710880248285662e-07
1.194221776878683650e-07
1.193370281628501317e-07
1.193625730430929809e-07
1.193370281953320982e-07
1.193199982968248343e-07
1.193285132135965130e-07
1.193710880573105062e-07
1.193455431445857170e-07
1.193881178908538636e-07
1.193625730430929809e-07
1.193796029740821849e-07
1.193285132460784795e-07
1.193285132135965130e-07
1.193625731080568875e-07
1.193285132135965130e-07
1.193540581263213022e-07
1.193796029740821849e-07
1.193370281953320982e-07
1.193370282278140383e-07
1.193455431121037769e-07
1.193625730755749210e-07
1.193625730755749210e-07
1.193540580938393622e-07
1.193540580938393622e-07
1.193455431445857170e-07
1.193370281953320982e-07
1.193370281953320982e-07
1.193710880248285662e-07
1.193370281953320982e-07
1.193199982968248343e-07
1.193199982318609277e-07
1.193455431121037769e-07
1.193370281953320982e-07
1.193285132135965130e-07
1.193114833475712156e-07
1.193455432095496236e-07
1.193455431445857170e-07
1.193370281953320982e-07
1.193625730430929809e-07
1.193625730106110144e-07
1.193370281628501317e-07
1.193540581588032688e-07
1.193370281953320982e-07
1.193455431445857170e-07
1.193199982968248343e-07
1.193455431121037769e-07
1.193796029091182783e-07
1.193370281953320982e-07
1.193285132460784795e-07
1.193540580938393622e-07
1.193199982318609277e-07
1.193199982643428943e-07
1.193285132135965130e-07
1.193455431770676835e-07
1.193370281953320982e-07
1.193710879923465996e-07
1.193285132135965130e-07
1.193285132460784795e-07
1.193455431445857170e-07
1.193455431770676835e-07
1.193370281953320982e-07
1.193540581588032688e-07
1.193370282278140383e-07
1.193199982968248343e-07
1.193114833150892491e-07
1.193370281953320982e-07
1.193625730755749210e-07
1.193370282278140383e-07
1.193285132460784795e-07
1.192859384023644598e-07
1.193455431770676835e-07
1.193370281953320982e-07
1.193199982643428943e-07
1.193455431770676835e-07
1.193199982643428943e-07
1.193370281628501317e-07
1.193625730755749210e-07
1.193540581263213022e-07
1.193199982643428943e-07
1.193114833150892491e-07
1.193455431445857170e-07
1.193114833150892491e-07
1.193285132460784795e-07
1.193370282278140383e-07
1.193199982318609277e-07
1.193370281953320982e-07
1.193114833150892491e-07
1.193540580938393622e-07
1.193455431445857170e-07
1.193285132460784795e-07
1.193285132460784795e-07
1.193370281953320982e-07
1.193029683658356303e-07
1.193455431445857170e-07
1.193114833150892491e-07
1.193370281953320982e-07
1.193285132460784795e-07
1.193285132135965130e-07
1.193114833150892491e-07
1.193285132460784795e-07
1.193370281953320982e-07
1.193285132135965130e-07
1.192859384348464263e-07
1.193455431770676835e-07
1.193285132135965130e-07
1.193029683333536903e-07
1.193199982643428943e-07
1.193199982968248343e-07
1.193285132460784795e-07
1.193199982643428943e-07
1.193029683333536903e-07
1.193199982643428943e-07
1.193285132135965130e-07
1.193114832826073090e-07
1.193625730755749210e-07
1.193710879923465996e-07
1.193114833150892491e-07
1.193029683658356303e-07
1.193199982643428943e-07
1.192944533841000451e-07
1.193796030065641514e-07
1.193455431121037769e-07
1.192944533841000451e-07
1.193029683658356303e-07
1.193029683658356303e-07
1.193370281628501317e-07
1.193370281953320982e-07
1.193029683658356303e-07
1.193455431121037769e-07
1.193029683658356303e-07
1.193370282278140383e-07
1.193029683333536903e-07
1.193114832826073090e-07
1.193029683658356303e-07
1.193199982643428943e-07
1.193029683333536903e-07
1.193199982643428943e-07
1.192944533841000451e-07
1.193285132135965130e-07
1.193029683333536903e-07
1.192944533841000451e-07
1.193029683333536903e-07
1.193540581263213022e-07
1.193029683333536903e-07
1.192944533841000451e-07
1.193285132460784795e-07
1.193285132460784795e-07
1.192944533841000451e-07
1.193029683333536903e-07
1.193114833150892491e-07
1.192944533841000451e-07
1.193199982968248343e-07
1.193114833150892491e-07
1.193114833150892491e-07
1.193029683333536903e-07
1.193029683333536903e-07
1.193029683658356303e-07
1.192944533841000451e-07
1.193114832826073090e-07
1.193029683658356303e-07
1.193029683333536903e-07
1.193114832826073090e-07
1.193029683658356303e-07
1.193199982318609277e-07
1.192944533516181050e-07
1.193114832826073090e-07
1.192944533516181050e-07
1.192944533841000451e-07
1.193114832826073090e-07
1.192774234531108411e-07
1.193114833150892491e-07
1.193029683658356303e-07
1.192859384023644598e-07
1.192944533841000451e-07
1.193114832826073090e-07
1.193029683658356303e-07
1.193029683333536903e-07
1.192944533841000451e-07
1.192774234531108411e-07
1.192859384348464263e-07
1.193114832826073090e-07
1.193199982643428943e-07
1.193029683008717238e-07
1.193114832826073090e-07
1.192859384023644598e-07
1.193370281953320982e-07
1.193199982643428943e-07
1.193029683333536903e-07
1.193114833150892491e-07
1.193029683658356303e-07
1.193114833150892491e-07
1.192859384348464263e-07
1.193114832501253425e-07
1.193199982643428943e-07
1.192944533841000451e-07
1.192859384348464263e-07
1.193199982968248343e-07
1.192859384023644598e-07
1.192774234531108411e-07
1.193029683658356303e-07
1.193114832826073090e-07
1.193114832826073090e-07
1.193370280978862252e-07
1.192944533841000451e-07
1.193199982643428943e-07
1.193029683658356303e-07
1.192944533841000451e-07
1.193114832826073090e-07
1.193455431121037769e-07
1.193199982643428943e-07
1.192944533516181050e-07
1.193029683333536903e-07
1.193199982318609277e-07
1.192944534165820116e-07
1.193114833150892491e-07
1.193114833150892491e-07
1.193029683333536903e-07
1.192859384348464263e-07
1.193029683658356303e-07
1.193029683333536903e-07
1.193029683658356303e-07
1.192944533841000451e-07
1.192859384023644598e-07
1.193029683333536903e-07
1.192859384348464263e-07
1.193029683658356303e-07
1.193199982968248343e-07
1.192774234531108411e-07
1.192944533841000451e-07
1.193029683333536903e-07
1.193285131811145729e-07
1.193114833150892491e-07
1.193114833313302323e-07
1.193029683658356303e-07
1.192859384348464263e-07
1.192859384023644598e-07
1.193029683171127070e-07
1.193285132460784795e-07
1.192944533841000451e-07
1.193029683333536903e-07
1.193029683333536903e-07
1.192859384348464263e-07
1.193114832826073090e-07
1.192859384023644598e-07
1.193029683008717238e-07
1.193029683658356303e-07
1.192774234531108411e-07
1.192774234206289010e-07
1.192689084713752558e-07
1.192774234531108411e-07
1.192944533841000451e-07
1.193029683658356303e-07
1.193029683658356303e-07
1.192944533841000451e-07
1.192944533516181050e-07
1.192944533516181050e-07
1.192774234206289010e-07
1.192859384023644598e-07
1.192689084713752558e-07
1.192859384348464263e-07
1.192774234206289010e-07
1.192859384348464263e-07
1.192774234206289010e-07
1.192859383698825198e-07
1.192944533841000451e-07
1.192859384023644598e-07
1.192689084713752558e-07
1.193114833150892491e-07
1.193114832826073090e-07
1.192774234531108411e-07
1.192689084713752558e-07
1.192774234531108411e-07
1.192774234206289010e-07
1.193029683333536903e-07
1.192603934896396706e-07
1.192944533516181050e-07
1.192774234531108411e-07
1.192859384348464263e-07
1.192774234531108411e-07
1.192689084713752558e-07
1.192774234855928076e-07
1.192774234206289010e-07
1.192603934896396706e-07
1.192774234531108411e-07
1.192859384023644598e-07
1.192689084713752558e-07
1.192774234206289010e-07
1.192774234206289010e-07
1.193029683658356303e-07
1.192859384348464263e-07
1.192859384023644598e-07
1.192774234206289010e-07
1.192518785403860519e-07
1.192433635586504666e-07
1.192774234531108411e-07
1.193114832826073090e-07
1.192689085038572224e-07
1.192859384348464263e-07
1.192689084713752558e-07
1.192603934896396706e-07
1.192859384023644598e-07
1.192859384023644598e-07
1.192689084713752558e-07
1.192774234206289010e-07
1.192603934896396706e-07
1.192774234206289010e-07
1.192859384023644598e-07
1.192518785403860519e-07
1.192774234531108411e-07
1.192774234206289010e-07
1.192518785728680184e-07
1.192603935221216371e-07
1.193029683658356303e-07
1.192774234531108411e-07
1.192944533841000451e-07
1.193114832826073090e-07
1.192603935221216371e-07
1.192603935221216371e-07
1.192603935221216371e-07
1.192603934896396706e-07
1.192774234531108411e-07
1.192689084713752558e-07
1.192859384348464263e-07
1.192859384023644598e-07
1.192433635586504666e-07
1.192689084713752558e-07
1.192944533841000451e-07
1.192774234206289010e-07
1.192603935221216371e-07
1.192774234531108411e-07
1.192944533841000451e-07
1.192603935221216371e-07
1.192689084713752558e-07
1.192774234206289010e-07
1.192689084713752558e-07
1.192689084713752558e-07
1.192774234206289010e-07
1.193114832826073090e-07
1.192774234531108411e-07
1.192689084713752558e-07
1.192774234531108411e-07
1.192689085038572224e-07
1.192689084388933158e-07
1.192518785403860519e-07
1.192774234531108411e-07
1.192518785079041118e-07
1.192689084713752558e-07
1.193029682683897837e-07
1.192689084388933158e-07
1.192689084713752558e-07
1.192689084713752558e-07
1.192689084713752558e-07
1.192433635586504666e-07
1.192603934896396706e-07
1.192689084713752558e-07
1.192603934896396706e-07
1.192859384023644598e-07
1.192603934896396706e-07
1.192603935221216371e-07
1.192689085038572224e-07
1.192689085038572224e-07
1.192859383536415365e-07
1.192689084713752558e-07
1.192689085038572224e-07
1.192689084713752558e-07
1.192689084713752558e-07
1.192689084713752558e-07
1.192859384023644598e-07
1.192518785079041118e-07
1.192774234206289010e-07
1.192689084713752558e-07
1.192603935221216371e-07
1.192603935221216371e-07
1.192603935221216371e-07
1.192774234531108411e-07
1.192603934896396706e-07
1.192859384023644598e-07
1.192689084713752558e-07
1.192774234531108411e-07
1.192518785079041118e-07
1.192348486093968479e-07
1.192518785079041118e-07
1.192603935221216371e-07
1.192603935221216371e-07
1.192433635586504666e-07
1.192774234206289010e-07
1.192518785728680184e-07
1.192518785403860519e-07
1.192603934896396706e-07
1.192774234531108411e-07
1.192518785403860519e-07
1.192859384348464263e-07
1.192603935221216371e-07
1.192689084713752558e-07
1.192603934896396706e-07
1.192433635911324331e-07
1.192689084713752558e-07
1.192348486093968479e-07
1.192603935221216371e-07
1.192689085038572224e-07
1.192603935221216371e-07
1.192603935221216371e-07
1.192518785079041118e-07
1.192433635911324331e-07
1.192433635586504666e-07
1.192518785403860519e-07
1.192859384023644598e-07
1.192689084713752558e-07
1.192518785403860519e-07
1.192689084713752558e-07
1.192603935221216371e-07
1.192603934896396706e-07
1.192518785403860519e-07
1.192518785403860519e-07
1.192603934896396706e-07
1.192689084388933158e-07
1.192603935221216371e-07
1.192689084713752558e-07
1.192348486093968479e-07
1.192433635586504666e-07
1.192774234206289010e-07
1.192518785403860519e-07
1.192433635586504666e-07
1.192433635586504666e-07
1.192348486093968479e-07
1.192433635911324331e-07
1.192689084388933158e-07
1.192518785079041118e-07
1.192603935221216371e-07
1.192518785403860519e-07
1.192433635911324331e-07
1.192518785403860519e-07
1.192689084713752558e-07
1.192433635586504666e-07
1.192518785403860519e-07
1.192433635586504666e-07
1.192518785403860519e-07
1.192518785403860519e-07
1.192518785403860519e-07
1.192518785079041118e-07
1.192518785403860519e-07
1.192603935221216371e-07
1.192774233881469345e-07
1.192774234206289010e-07
1.192518785403860519e-07
1.192603935221216371e-07
1.192603934896396706e-07
1.192348486093968479e-07
1.192603935221216371e-07
1.192348486093968479e-07
1.192518785079041118e-07
1.192603935221216371e-07
1.192348486093968479e-07
1.192603935221216371e-07
1.192689084388933158e-07
1.192603935221216371e-07
1.192518785403860519e-07
1.192603934896396706e-07
1.192518785403860519e-07
1.192518785403860519e-07
1.192689084713752558e-07
1.192689084713752558e-07
1.192518785079041118e-07
1.192518785403860519e-07
1.192518785403860519e-07
1.192433635911324331e-07
1.192348486093968479e-07
1.192518785728680184e-07
1.192518785079041118e-07
1.192348486093968479e-07
1.192348486093968479e-07
1.192518785403860519e-07
1.192518785403860519e-07
1.192518785403860519e-07
1.192433635911324331e-07
1.192348486418787879e-07
1.192348486418787879e-07
1.192348486093968479e-07
1.192348486418787879e-07
1.192603935221216371e-07
1.192348486418787879e-07
1.192433635911324331e-07
1.192518785403860519e-07
1.192433635586504666e-07
1.192348486093968479e-07
1.192518785403860519e-07
1.192603935221216371e-07
1.192518785403860519e-07
1.192518785403860519e-07
1.192518785728680184e-07
1.192348486093968479e-07
1.192433635586504666e-07
1.192433635911324331e-07
1.192518785403860519e-07
1.192433635586504666e-07
1.192263336601432291e-07
1.192348486093968479e-07
1.192518785403860519e-07
1.192518785403860519e-07
1.192603934896396706e-07
1.192348486418787879e-07
1.192518785403860519e-07
1.192348486093968479e-07
1.192433635911324331e-07
1.192178187108895839e-07
1.192178187108895839e-07
1.192518785403860519e-07
1.192433635911324331e-07
1.192178187108895839e-07
1.192348486093968479e-07
1.192518785728680184e-07
1.192348486418787879e-07
1.192433635911324331e-07
1.192348486418787879e-07
1.192348486093968479e-07
1.192348486093968479e-07
1.192348486418787879e-07
1.192433636236143732e-07
1.192518785403860519e-07
1.192433635911324331e-07
1.192433635911324331e-07
1.192518785728680184e-07
1.192348486093968479e-07
1.192263336601432291e-07
1.192518785403860519e-07
1.192348486093968479e-07
1.192178187108895839e-07
1.192348486093968479e-07
1.192348486418787879e-07
1.192433635586504666e-07
1.192433635911324331e-07
1.192348486093968479e-07
1.192433635911324331e-07
1.192518785728680184e-07
1.192178187108895839e-07
1.192263336601432291e-07
1.192433635911324331e-07
1.192348486093968479e-07
1.192603934896396706e-07
1.192263336601432291e-07
1.192348486418787879e-07
1.192433635911324331e-07
1.192348486093968479e-07
1.192348486093968479e-07
1.192689085038572224e-07
1.192348486093968479e-07
1.192433635911324331e-07
1.192518785403860519e-07
1.192433635911324331e-07
1.192263336601432291e-07
1.192263336601432291e-07
1.192518785728680184e-07
1.192433635911324331e-07
1.192263336601432291e-07
1.192433635911324331e-07
1.192178187108895839e-07
1.192263336601432291e-07
1.192433635911324331e-07
1.192178187108895839e-07
1.192433635586504666e-07
1.192433635911324331e-07
1.192433635911324331e-07
1.192263336601432291e-07
1.192433635586504666e-07
1.192348486093968479e-07
1.192263336601432291e-07
1.192348486093968479e-07
1.192263336601432291e-07
1.192263336601432291e-07
1.192348486418787879e-07
1.192348486418787879e-07
1.192263336601432291e-07
1.192263336601432291e-07
1.192263336601432291e-07
1.192348486418787879e-07
1.192348486418787879e-07
1.192433636236143732e-07
1.192603934896396706e-07
1.192603935221216371e-07
1.192178187108895839e-07
1.192433635911324331e-07
1.192348486093968479e-07
1.192518785403860519e-07
1.192518785403860519e-07
1.192348486418787879e-07
1.192348486093968479e-07
1.192433635911324331e-07
1.192263336601432291e-07
1.192178187108895839e-07
1.192348486418787879e-07
1.192178187108895839e-07
1.192348486418787879e-07
1.192433635586504666e-07
1.192433635586504666e-07
1.192263336601432291e-07
1.192433636236143732e-07
1.192433635911324331e-07
1.192348486093968479e-07
1.192348486093968479e-07
1.192433635911324331e-07
1.192348486418787879e-07
1.192093037616359652e-07
1.192348486418787879e-07
1.192263336601432291e-07
1.192348486093968479e-07
1.192263336601432291e-07
1.192263336601432291e-07
1.192348486093968479e-07
1.192433635911324331e-07
1.192263336601432291e-07
1.192348486093968479e-07
1.192433635586504666e-07
1.192518785403860519e-07
1.192178187108895839e-07
1.192433635911324331e-07
1.192178187108895839e-07
1.192263336601432291e-07
1.192348486093968479e-07
1.192348486418787879e-07
1.192348486093968479e-07
1.192263336601432291e-07
1.192178187108895839e-07
1.192263336601432291e-07
1.192348486418787879e-07
1.192348486093968479e-07
1.192263336601432291e-07
1.192178187108895839e-07
1.192348486418787879e-07
1.192263336601432291e-07
1.192348486093968479e-07
1.192348486093968479e-07
1.192263336601432291e-07
1.192178187108895839e-07
1.192433635586504666e-07
1.192263336601432291e-07
1.192263336601432291e-07
1.192348486418787879e-07
1.192093037616359652e-07
1.192263336601432291e-07
1.192263336601432291e-07
1.192348486418787879e-07
1.192263336601432291e-07
1.192263336601432291e-07
1.192178187108895839e-07
1.192348486093968479e-07
1.192433635911324331e-07
1.192178187108895839e-07
1.192178187108895839e-07
1.192263336601432291e-07
1.192263336601432291e-07
1.192348486093968479e-07
1.192263336601432291e-07
1.192348486418787879e-07
1.192348486418787879e-07
1.192178187108895839e-07
1.192348486418787879e-07
1.192178187108895839e-07
1.192348486093968479e-07
1.192093037616359652e-07
1.192263336601432291e-07
1.192178187108895839e-07
1.192263336601432291e-07
1.192348486418787879e-07
1.192433635911324331e-07
1.192178187108895839e-07
1.192518785728680184e-07
1.192263336601432291e-07
1.192178187108895839e-07
1.192263336601432291e-07
1.192348486418787879e-07
1.192093037616359652e-07
1.192178187108895839e-07
1.192178187108895839e-07
1.192093037616359652e-07
1.192093037616359652e-07
1.192178187108895839e-07
1.192518785403860519e-07
1.192178187108895839e-07
1.192093037616359652e-07
1.192348486093968479e-07
1.192263336601432291e-07
1.192433635586504666e-07
1.192093037616359652e-07
1.192263336601432291e-07
1.192178187108895839e-07
1.192263336601432291e-07
1.192178187108895839e-07
1.192263336601432291e-07
1.192263336601432291e-07
1.192178187108895839e-07
1.192178187108895839e-07
1.192263336601432291e-07
1.192518785728680184e-07
1.192348486418787879e-07
1.192093037616359652e-07
1.192178187108895839e-07
1.192348486093968479e-07
1.192433635586504666e-07
1.192178187108895839e-07
1.192263336601432291e-07
1.192433635911324331e-07
1.192263336601432291e-07
1.192348486418787879e-07
1.192348486093968479e-07
1.192178187108895839e-07
1.192178187108895839e-07
1.192348486418787879e-07
1.192178187108895839e-07
1.192603935221216371e-07
1.192178187108895839e-07
1.192263336601432291e-07
1.192178187108895839e-07
1.192178187108895839e-07
1.192263336601432291e-07
1.192348486418787879e-07
1.192178187108895839e-07
1.192263336601432291e-07
1.192178187108895839e-07
1.192263336601432291e-07
1.192433635911324331e-07
1.192263336926251692e-07
1.192348486093968479e-07
1.192263336926251692e-07
1.192348486093968479e-07
1.192178187108895839e-07
1.192093037616359652e-07
1.192178187108895839e-07
1.192178187108895839e-07
1.192178187108895839e-07
1.192348486418787879e-07
1.192263336926251692e-07
1.192263336601432291e-07
1.192178187108895839e-07
1.192348486093968479e-07
1.192433635911324331e-07
1.192093037616359652e-07
1.192178187108895839e-07
1.192178187108895839e-07
1.192348486093968479e-07
1.192263336926251692e-07
1.192263336601432291e-07
1.192093037616359652e-07
1.192178187108895839e-07
1.192093037616359652e-07
1.192433635911324331e-07
1.192093037616359652e-07
1.192093037616359652e-07
1.192178187108895839e-07
1.192178187108895839e-07
1.192093037616359652e-07
1.192263336926251692e-07
1.192093037616359652e-07
1.192178187108895839e-07
1.192263336601432291e-07
1.192348486418787879e-07
1.192093037616359652e-07
1.192093037616359652e-07
1.192348486418787879e-07
1.192178187108895839e-07
1.192178187108895839e-07
1.192263336601432291e-07
1.192093037616359652e-07
1.192093037616359652e-07
1.192178187108895839e-07
1.192263336601432291e-07
1.192263336601432291e-07
1.192263336601432291e-07
1.192093037616359652e-07
1.192093037616359652e-07
1.192093037616359652e-07
1.192178187108895839e-07
1.192178187108895839e-07
1.192093037616359652e-07
1.192178187108895839e-07
1.192178187108895839e-07
1.192178187108895839e-07
1.192093037616359652e-07
1.192178187108895839e-07
1.192093037616359652e-07
1.192348486418787879e-07
1.192093037616359652e-07
1.192263336601432291e-07
1.192093037616359652e-07
1.192093037616359652e-07
1.192093037616359652e-07
1.192178187108895839e-07
1.192178187108895839e-07
1.192263336601432291e-07
1.192093037616359652e-07
1.192093037616359652e-07
1.192093037616359652e-07
1.192093037616359652e-07
1.192178187108895839e-07
1.192093037616359652e-07
1.192263336601432291e-07
1.192178187108895839e-07
1.192178187108895839e-07
1.192263336601432291e-07
1.192263336601432291e-07
1.192093037616359652e-07
1.192178187108895839e-07
1.192263336926251692e-07
1.192093037616359652e-07
1.192093037616359652e-07
1.192178187108895839e-07
1.192263336601432291e-07
1.192263336926251692e-07
1.192178187108895839e-07
1.192178187108895839e-07
1.192093037616359652e-07
1.192178187108895839e-07
1.192348486093968479e-07
1.192178187108895839e-07
1.192263336926251692e-07
1.192178187108895839e-07
1.192263336601432291e-07
1.192093037616359652e-07
1.192093037616359652e-07
1.192093037616359652e-07
1.192178187108895839e-07
1.192093037616359652e-07
1.192093037616359652e-07
1.192178187108895839e-07
1.192093037616359652e-07
1.192093037616359652e-07
1.192093037616359652e-07
1.192178187108895839e-07
1.192093037616359652e-07
1.192093037616359652e-07
1.192263336926251692e-07
1.192178187108895839e-07
1.192178187108895839e-07
1.192178187108895839e-07
1.192178187108895839e-07
1.192263336601432291e-07
1.192178187108895839e-07
1.192178187108895839e-07
1.192178187108895839e-07
1.192093037616359652e-07
1.192178187108895839e-07
1.192178187108895839e-07
1.192178187108895839e-07
1.192093037616359652e-07
1.192093037616359652e-07
1.192093037616359652e-07
1.192093037616359652e-07
1.192263336926251692e-07
1.192093037616359652e-07
1.192093037616359652e-07
1.192093037616359652e-07
1.192263336601432291e-07
1.192178187108895839e-07
1.192263336601432291e-07
1.192178187108895839e-07
1.192093037616359652e-07
1.192093037616359652e-07
1.192093037616359652e-07
1.192093037616359652e-07
1.192178187108895839e-07
1.192093037616359652e-07
1.192178187108895839e-07
1.192093037616359652e-07
1.192178187108895839e-07
1.192263336926251692e-07
1.192178187108895839e-07
1.192093037616359652e-07
1.192093037616359652e-07
1.192348486418787879e-07
1.192093037616359652e-07
1.192093037616359652e-07
1.192178187108895839e-07
1.192093037616359652e-07
1.192263336926251692e-07
1.192093037616359652e-07
1.192093037616359652e-07
1.192093037616359652e-07
1.192178187108895839e-07
1.192093037616359652e-07
1.192093037616359652e-07
1.192178187108895839e-07
1.192093037616359652e-07
1.192093037616359652e-07
1.192178187108895839e-07
1.192093037616359652e-07
1.192093037616359652e-07
1.192093037616359652e-07
1.192178187108895839e-07
1.192093037616359652e-07
1.192178187108895839e-07
1.192093037616359652e-07
1.192093037616359652e-07
1.192093037616359652e-07
1.192093037616359652e-07
1.192178187108895839e-07
1.192178187108895839e-07
1.192093037616359652e-07
1.192178187108895839e-07
1.192178187108895839e-07
1.192093037616359652e-07
1.192093037616359652e-07
1.192093037616359652e-07
1.192178187108895839e-07
1.192093037616359652e-07
1.192093037616359652e-07
1.192178187108895839e-07
1.192178187108895839e-07
1.192093037616359652e-07
1.192178187108895839e-07
1.192178187108895839e-07
1.192093037616359652e-07
1.192178187108895839e-07
1.192093037616359652e-07
1.192093037616359652e-07
1.192093037616359652e-07
1.192178187108895839e-07
1.192178187108895839e-07
1.192178187108895839e-07
1.192178187108895839e-07
1.192093037616359652e-07
1.192093037616359652e-07
1.192093037616359652e-07
1.192093037616359652e-07
1.192093037616359652e-07
1.192178187108895839e-07
1.192178187108895839e-07
1.192093037616359652e-07
1.192178187108895839e-07
1.192178187108895839e-07
1.192093037616359652e-07
1.192093037616359652e-07
1.192263336601432291e-07
1.192178187108895839e-07
1.192093037616359652e-07
1.192093037616359652e-07
1.192093037616359652e-07
1.192093037616359652e-07
1.192178187108895839e-07
1.192093037616359652e-07
1.192093037616359652e-07
1.192093037616359652e-07
1.192093037616359652e-07
1.192093037616359652e-07
1.192093037616359652e-07
1.192263336926251692e-07
1.192178187108895839e-07
1.192263336926251692e-07
1.192178187108895839e-07
1.192178187108895839e-07
1.192093037616359652e-07
1.192178187108895839e-07
1.192093037616359652e-07
1.192093037616359652e-07
1.192178187108895839e-07
1.192093037616359652e-07
1.192178187108895839e-07
1.192093037616359652e-07
1.192093037616359652e-07
1.192093037616359652e-07
1.192093037616359652e-07
1.192093037616359652e-07
1.192263336926251692e-07
1.192093037616359652e-07
1.192178187108895839e-07
1.192093037616359652e-07
1.192093037616359652e-07
1.192093037616359652e-07
1.192093037616359652e-07
1.192093037616359652e-07
1.192093037616359652e-07
1.192093037616359652e-07
1.192093037616359652e-07
1.192178187108895839e-07
1.192178187108895839e-07
1.192093037616359652e-07
1.192093037616359652e-07
1.192093037616359652e-07
1.192178187108895839e-07
1.192093037616359652e-07
1.192093037616359652e-07
1.192093037616359652e-07
1.192093037616359652e-07
1.192178187108895839e-07
1.192093037616359652e-07
1.192093037616359652e-07
1.192093037616359652e-07
1.192093037616359652e-07
1.192178187108895839e-07
1.192178187108895839e-07
1.192093037616359652e-07
1.192178187108895839e-07
1.192093037616359652e-07
1.192093037616359652e-07
1.192093037616359652e-07
1.192093037616359652e-07
1.192178187108895839e-07
1.192093037616359652e-07
1.192093037616359652e-07
1.192178187108895839e-07
1.192093037616359652e-07
1.192093037616359652e-07
1.192093037616359652e-07
1.192178187108895839e-07
1.192093037616359652e-07
1.192178187108895839e-07
1.192093037616359652e-07
1.192093037616359652e-07
1.192093037616359652e-07
1.192093037616359652e-07
1.192093037616359652e-07
1.192178187108895839e-07
1.192093037616359652e-07
1.192178187108895839e-07
1.192093037616359652e-07
1.192093037616359652e-07
1.192093037616359652e-07
1.192093037616359652e-07
1.192093037616359652e-07
1.192093037616359652e-07
1.192093037616359652e-07
1.192093037616359652e-07
1.192093037616359652e-07
1.192093037616359652e-07
1.192093037616359652e-07
1.192093037616359652e-07
1.192263336601432291e-07
1.192093037616359652e-07
1.192093037616359652e-07
1.192093037616359652e-07
1.192178187108895839e-07
1.192093037616359652e-07
1.192093037616359652e-07
1.192093037616359652e-07
1.192093037616359652e-07
1.192093037616359652e-07
1.192178187108895839e-07
1.192093037616359652e-07
1.192263336926251692e-07
1.192093037616359652e-07
1.192093037616359652e-07
1.192093037616359652e-07
1.192093037616359652e-07
1.192093037616359652e-07
1.192093037616359652e-07
1.192093037616359652e-07
1.192093037616359652e-07
1.192093037616359652e-07
1.192093037616359652e-07
1.192093037616359652e-07
1.192178187108895839e-07
1.192093037616359652e-07
1.192178187108895839e-07
1.192093037616359652e-07
1.192178187108895839e-07
1.192093037616359652e-07
1.192093037616359652e-07
1.192093037616359652e-07
1.192093037616359652e-07
1.192178187108895839e-07
1.192093037616359652e-07
1.192093037616359652e-07
1.192093037616359652e-07
1.192093037616359652e-07
1.192093037616359652e-07
1.192093037616359652e-07
1.192093037616359652e-07
1.192093037616359652e-07
1.192093037616359652e-07
1.192093037616359652e-07
1.192178187108895839e-07
1.192093037616359652e-07
1.192093037616359652e-07
1.192093037616359652e-07
1.192093037616359652e-07
1.192093037616359652e-07
1.192093037616359652e-07
1.192093037616359652e-07
1.192093037616359652e-07
1.192178187108895839e-07
1.192093037616359652e-07
1.192093037616359652e-07
1.192093037616359652e-07
1.192093037616359652e-07
1.192093037616359652e-07
1.192093037616359652e-07
1.192178187108895839e-07
1.192093037616359652e-07
1.192093037616359652e-07
1.192093037616359652e-07
1.192093037616359652e-07
1.192093037616359652e-07
1.192093037616359652e-07
1.192093037616359652e-07
1.192093037616359652e-07
1.192178187108895839e-07
1.192093037616359652e-07
1.192093037616359652e-07
1.192093037616359652e-07
1.192178187108895839e-07
1.192093037616359652e-07
1.192093037616359652e-07
1.192093037616359652e-07
1.192093037616359652e-07
1.192093037616359652e-07
1.192093037616359652e-07
1.192093037616359652e-07
1.192093037616359652e-07
1.192178187108895839e-07
1.192093037616359652e-07
1.192093037616359652e-07
1.192178187108895839e-07
1.192178187108895839e-07
1.192093037616359652e-07
1.192093037616359652e-07
1.192093037616359652e-07
1.192093037616359652e-07
1.192093037616359652e-07
1.192093037616359652e-07
1.192178187108895839e-07
1.192093037616359652e-07
1.192263336926251692e-07
1.192093037616359652e-07
1.192093037616359652e-07
1.192093037616359652e-07
1.192093037616359652e-07
1.192093037616359652e-07
1.192093037616359652e-07
1.192093037616359652e-07
1.192093037616359652e-07
1.192093037616359652e-07
1.192178187108895839e-07
1.192093037616359652e-07
1.192178187108895839e-07
1.192178187108895839e-07
1.192093037616359652e-07
1.192093037616359652e-07
1.192093037616359652e-07
1.192093037616359652e-07
1.192093037616359652e-07
1.192093037616359652e-07
1.192093037616359652e-07
1.192093037616359652e-07
1.192093037616359652e-07
1.192178187108895839e-07
1.192093037616359652e-07
1.192093037616359652e-07
1.192093037616359652e-07
1.192178187108895839e-07
1.192093037616359652e-07
1.192093037616359652e-07
1.192093037616359652e-07
1.192178187108895839e-07
1.192093037616359652e-07
1.192093037616359652e-07
1.192093037616359652e-07
1.192093037616359652e-07
1.192093037616359652e-07
1.192178187108895839e-07
1.192093037616359652e-07
1.192093037616359652e-07
1.192093037616359652e-07
1.192093037616359652e-07
1.192093037616359652e-07
1.192093037616359652e-07
1.192093037616359652e-07
1.192178187108895839e-07
1.192178187108895839e-07
1.192093037616359652e-07
1.192093037616359652e-07
1.192093037616359652e-07
1.192093037616359652e-07
1.192093037616359652e-07
1.192178187108895839e-07
1.192093037616359652e-07
1.192093037616359652e-07
1.192093037616359652e-07
1.192093037616359652e-07
1.192093037616359652e-07
1.192093037616359652e-07
1.192093037616359652e-07
1.192093037616359652e-07
1.192093037616359652e-07
1.192093037616359652e-07
1.192093037616359652e-07
1.192093037616359652e-07
1.192093037616359652e-07
1.192093037616359652e-07
1.192093037616359652e-07
1.192178187108895839e-07
1.192093037616359652e-07
1.192093037616359652e-07
1.192093037616359652e-07
1.192178187108895839e-07
1.192093037616359652e-07
1.192093037616359652e-07
1.192093037616359652e-07
1.192093037616359652e-07
1.192093037616359652e-07
1.192093037616359652e-07
1.192093037616359652e-07
1.192093037616359652e-07
1.192093037616359652e-07
1.192178187108895839e-07
1.192093037616359652e-07
1.192093037616359652e-07
1.192093037616359652e-07
1.192093037616359652e-07
1.192093037616359652e-07
1.192093037616359652e-07
1.192093037616359652e-07
1.192093037616359652e-07
1.192093037616359652e-07
1.192093037616359652e-07
1.192093037616359652e-07
1.192178187108895839e-07
1.192093037616359652e-07
1.192093037616359652e-07
1.192093037616359652e-07
1.192093037616359652e-07
1.192093037616359652e-07
1.192093037616359652e-07
1.192093037616359652e-07
1.192093037616359652e-07
1.192093037616359652e-07
1.192093037616359652e-07
1.192093037616359652e-07
1.192178187108895839e-07
1.192093037616359652e-07
1.192093037616359652e-07
1.192093037616359652e-07
1.192093037616359652e-07
1.192093037616359652e-07
1.192093037616359652e-07
1.192093037616359652e-07
1.192093037616359652e-07
1.192093037616359652e-07
1.192093037616359652e-07
1.192093037616359652e-07
1.192093037616359652e-07
1.192093037616359652e-07
1.192093037616359652e-07
1.192093037616359652e-07
1.192093037616359652e-07
1.192093037616359652e-07
1.192093037616359652e-07
1.192093037616359652e-07
1.192093037616359652e-07
1.192093037616359652e-07
1.192093037616359652e-07
1.192178187108895839e-07
1.192093037616359652e-07
1.192093037616359652e-07
1.192093037616359652e-07
1.192093037616359652e-07
1.192093037616359652e-07
1.192093037616359652e-07
1.192178187108895839e-07
1.192093037616359652e-07
1.192093037616359652e-07
1.192093037616359652e-07
1.192093037616359652e-07
1.192093037616359652e-07
1.192093037616359652e-07
1.192093037616359652e-07
1.192093037616359652e-07
1.192093037616359652e-07
1.192093037616359652e-07
1.192093037616359652e-07
1.192093037616359652e-07
1.192093037616359652e-07
1.192093037616359652e-07
1.192093037616359652e-07
1.192093037616359652e-07
1.192093037616359652e-07
1.192263336926251692e-07
1.192093037616359652e-07
1.192093037616359652e-07
1.192093037616359652e-07
1.192093037616359652e-07
1.192093037616359652e-07
1.192093037616359652e-07
1.192178187108895839e-07
1.192093037616359652e-07
1.192093037616359652e-07
1.192093037616359652e-07
1.192093037616359652e-07
1.192093037616359652e-07
1.192093037616359652e-07
1.192093037616359652e-07
1.192093037616359652e-07
1.192093037616359652e-07
1.192093037616359652e-07
1.192093037616359652e-07
1.192093037616359652e-07
1.192093037616359652e-07
1.192093037616359652e-07
1.192093037616359652e-07
1.192093037616359652e-07
1.192093037616359652e-07
1.192093037616359652e-07
1.192178187108895839e-07
1.192093037616359652e-07
1.192093037616359652e-07
1.192093037616359652e-07
1.192093037616359652e-07
1.192093037616359652e-07
1.192178187108895839e-07
1.192093037616359652e-07
1.192178187108895839e-07
1.192178187108895839e-07
1.192093037616359652e-07
1.192093037616359652e-07
1.192093037616359652e-07
1.192178187108895839e-07
1.192093037616359652e-07
1.192093037616359652e-07
1.192093037616359652e-07
1.192263336926251692e-07
1.192178187108895839e-07
1.192093037616359652e-07
1.192093037616359652e-07
1.192093037616359652e-07
1.192178187108895839e-07
1.192093037616359652e-07
1.192093037616359652e-07
1.192093037616359652e-07
1.192093037616359652e-07
1.192093037616359652e-07
1.192093037616359652e-07
1.192093037616359652e-07
1.192093037616359652e-07
1.192093037616359652e-07
1.192093037616359652e-07
1.192093037616359652e-07
1.192093037616359652e-07
1.192093037616359652e-07
1.192093037616359652e-07
1.192093037616359652e-07
1.192093037616359652e-07
1.192093037616359652e-07
1.192178187108895839e-07
1.192093037616359652e-07
1.192178187108895839e-07
1.192093037616359652e-07
1.192093037616359652e-07
1.192093037616359652e-07
1.192093037616359652e-07
1.192093037616359652e-07
1.192093037616359652e-07
1.192178187108895839e-07
1.192093037616359652e-07
1.192093037616359652e-07
1.192093037616359652e-07
1.192093037616359652e-07
1.192093037616359652e-07
1.192093037616359652e-07
1.192093037616359652e-07
1.192093037616359652e-07
1.192093037616359652e-07
1.192093037616359652e-07
1.192093037616359652e-07
1.192093037616359652e-07
1.192093037616359652e-07
1.192093037616359652e-07
1.192093037616359652e-07
1.192093037616359652e-07
1.192093037616359652e-07
1.192093037616359652e-07
1.192093037616359652e-07
1.192093037616359652e-07
1.192093037616359652e-07
1.192093037616359652e-07
1.192093037616359652e-07
1.192093037616359652e-07
1.192093037616359652e-07
1.192093037616359652e-07
1.192093037616359652e-07
1.192093037616359652e-07
1.192093037616359652e-07
1.192178187108895839e-07
1.192093037616359652e-07
1.192263336926251692e-07
1.192093037616359652e-07
1.192093037616359652e-07
1.192093037616359652e-07
1.192093037616359652e-07
1.192093037616359652e-07
1.192093037616359652e-07
1.192093037616359652e-07
1.192093037616359652e-07
1.192093037616359652e-07
1.192093037616359652e-07
1.192093037616359652e-07
1.192093037616359652e-07
1.192093037616359652e-07
1.192093037616359652e-07
1.192093037616359652e-07
1.192093037616359652e-07
1.192093037616359652e-07
1.192093037616359652e-07
1.192093037616359652e-07
1.192093037616359652e-07
1.192093037616359652e-07
1.192093037616359652e-07
1.192093037616359652e-07
1.192093037616359652e-07
1.192093037616359652e-07
1.192093037616359652e-07
1.192093037616359652e-07
1.192093037616359652e-07
1.192093037616359652e-07
1.192093037616359652e-07
1.192093037616359652e-07
1.192093037616359652e-07
1.192093037616359652e-07
1.192093037616359652e-07
1.192093037616359652e-07
1.192093037616359652e-07
1.192093037616359652e-07
1.192093037616359652e-07
1.192093037616359652e-07
1.192093037616359652e-07
1.192093037616359652e-07
1.192093037616359652e-07
1.192093037616359652e-07
1.192093037616359652e-07
1.192093037616359652e-07
1.192093037616359652e-07
1.192093037616359652e-07
1.192093037616359652e-07
1.192093037616359652e-07
1.192093037616359652e-07
1.192093037616359652e-07
1.192093037616359652e-07
1.192093037616359652e-07
1.192093037616359652e-07
1.192093037616359652e-07
1.192093037616359652e-07
1.192093037616359652e-07
1.192093037616359652e-07
1.192093037616359652e-07
1.192093037616359652e-07
1.192093037616359652e-07
1.192093037616359652e-07
1.192093037616359652e-07
1.192093037616359652e-07
1.192093037616359652e-07
1.192093037616359652e-07
1.192093037616359652e-07
1.192093037616359652e-07
1.192093037616359652e-07
1.192093037616359652e-07
1.192093037616359652e-07
1.192093037616359652e-07
1.192093037616359652e-07
1.192093037616359652e-07
1.192093037616359652e-07
1.192093037616359652e-07
1.192093037616359652e-07
1.192093037616359652e-07
1.192093037616359652e-07
1.192093037616359652e-07
1.192093037616359652e-07
1.192093037616359652e-07
1.192093037616359652e-07
1.192093037616359652e-07
1.192093037616359652e-07
1.192093037616359652e-07
1.192093037616359652e-07
1.192093037616359652e-07
1.192093037616359652e-07
1.192093037616359652e-07
1.192093037616359652e-07
1.192093037616359652e-07
1.192093037616359652e-07
1.192093037616359652e-07
1.192093037616359652e-07
1.192093037616359652e-07
1.192093037616359652e-07
1.192093037616359652e-07
1.192093037616359652e-07
1.192093037616359652e-07
1.192093037616359652e-07
1.192093037616359652e-07
1.192093037616359652e-07
1.192093037616359652e-07
1.192093037616359652e-07
1.192093037616359652e-07
1.192093037616359652e-07
1.192093037616359652e-07
1.192093037616359652e-07
1.192093037616359652e-07
1.192093037616359652e-07
1.192093037616359652e-07
1.192093037616359652e-07
1.192093037616359652e-07
1.192093037616359652e-07
1.192093037616359652e-07
1.192093037616359652e-07
1.192093037616359652e-07
1.192093037616359652e-07
1.192093037616359652e-07
1.192093037616359652e-07
1.192093037616359652e-07
1.192093037616359652e-07
1.192093037616359652e-07
1.192093037616359652e-07
1.192093037616359652e-07
1.192093037616359652e-07
1.192093037616359652e-07
1.192093037616359652e-07
1.192093037616359652e-07
1.192093037616359652e-07
1.192093037616359652e-07
1.192093037616359652e-07
1.192093037616359652e-07
1.192093037616359652e-07
1.192093037616359652e-07
1.192093037616359652e-07
1.192093037616359652e-07
1.192093037616359652e-07
1.192093037616359652e-07
1.192093037616359652e-07
1.192093037616359652e-07
1.192093037616359652e-07
1.192093037616359652e-07
1.192093037616359652e-07
1.192093037616359652e-07
1.192093037616359652e-07
1.192093037616359652e-07
1.192093037616359652e-07
1.192093037616359652e-07
1.192093037616359652e-07
1.192093037616359652e-07
1.192093037616359652e-07
1.192093037616359652e-07
1.192093037616359652e-07
1.192093037616359652e-07
1.192093037616359652e-07
1.192093037616359652e-07
1.192093037616359652e-07
1.192093037616359652e-07
1.192093037616359652e-07
1.192093037616359652e-07
1.192093037616359652e-07
1.192093037616359652e-07
1.192093037616359652e-07
1.192093037616359652e-07
1.192093037616359652e-07
1.192093037616359652e-07
1.192093037616359652e-07
1.192093037616359652e-07
1.192093037616359652e-07
1.192093037616359652e-07
1.192093037616359652e-07
1.192093037616359652e-07
1.192093037616359652e-07
1.192093037616359652e-07
1.192093037616359652e-07
1.192093037616359652e-07
1.192093037616359652e-07
1.192093037616359652e-07
1.192093037616359652e-07
1.192093037616359652e-07
1.192093037616359652e-07
1.192093037616359652e-07
1.192093037616359652e-07
1.192093037616359652e-07
1.192093037616359652e-07
1.192093037616359652e-07
1.192093037616359652e-07
1.192093037616359652e-07
1.192093037616359652e-07
1.192093037616359652e-07
1.192093037616359652e-07
1.192093037616359652e-07
1.192093037616359652e-07
1.192093037616359652e-07
1.192093037616359652e-07
1.192093037616359652e-07
1.192093037616359652e-07
1.192093037616359652e-07
1.192093037616359652e-07
1.192093037616359652e-07
1.192093037616359652e-07
1.192093037616359652e-07
1.192093037616359652e-07
1.192093037616359652e-07
1.192093037616359652e-07
1.192093037616359652e-07
1.192093037616359652e-07
1.192093037616359652e-07
1.192093037616359652e-07
1.192093037616359652e-07
1.192093037616359652e-07
1.192093037616359652e-07
1.192093037616359652e-07
1.192093037616359652e-07
1.192093037616359652e-07
1.192093037616359652e-07
1.192093037616359652e-07
1.192093037616359652e-07
1.192093037616359652e-07
1.192093037616359652e-07
1.192093037616359652e-07
1.192093037616359652e-07
1.192093037616359652e-07
1.192093037616359652e-07
1.192093037616359652e-07
1.192093037616359652e-07
1.192093037616359652e-07
1.192093037616359652e-07
1.192093037616359652e-07
1.192093037616359652e-07
1.192093037616359652e-07
1.192093037616359652e-07
1.192093037616359652e-07
1.192093037616359652e-07
1.192093037616359652e-07
1.192093037616359652e-07
1.192093037616359652e-07
1.192093037616359652e-07
1.192093037616359652e-07
1.192093037616359652e-07
1.192093037616359652e-07
1.192093037616359652e-07
1.192093037616359652e-07
1.192093037616359652e-07
1.192093037616359652e-07
1.192093037616359652e-07
1.192093037616359652e-07
1.192093037616359652e-07
1.192093037616359652e-07
1.192093037616359652e-07
1.192093037616359652e-07
1.192093037616359652e-07
1.192093037616359652e-07
1.192093037616359652e-07
1.192093037616359652e-07
1.192093037616359652e-07
1.192093037616359652e-07
1.192093037616359652e-07
1.192093037616359652e-07
1.192093037616359652e-07
1.192093037616359652e-07
1.192093037616359652e-07
1.192093037616359652e-07
1.192093037616359652e-07
1.192093037616359652e-07
1.192093037616359652e-07
1.192093037616359652e-07
1.192093037616359652e-07
1.192093037616359652e-07
1.192093037616359652e-07
1.192093037616359652e-07
1.192093037616359652e-07
1.192093037616359652e-07
1.192093037616359652e-07
1.192093037616359652e-07
1.192093037616359652e-07
1.192093037616359652e-07
1.192093037616359652e-07
1.192093037616359652e-07
1.192093037616359652e-07
1.192093037616359652e-07
1.192093037616359652e-07
1.192093037616359652e-07
1.192093037616359652e-07
1.192093037616359652e-07
1.192093037616359652e-07
1.192093037616359652e-07
1.192093037616359652e-07
1.192093037616359652e-07
1.192093037616359652e-07
1.192093037616359652e-07
1.192093037616359652e-07
1.192093037616359652e-07
1.192093037616359652e-07
1.192093037616359652e-07
1.192093037616359652e-07
1.192093037616359652e-07
1.192093037616359652e-07
1.192093037616359652e-07
1.192093037616359652e-07
1.192093037616359652e-07
1.192093037616359652e-07
1.192093037616359652e-07
1.192093037616359652e-07
1.192093037616359652e-07
1.192093037616359652e-07
1.192093037616359652e-07
1.192093037616359652e-07
1.192093037616359652e-07
1.192093037616359652e-07
1.192093037616359652e-07
1.192093037616359652e-07
1.192093037616359652e-07
1.192093037616359652e-07
1.192093037616359652e-07
1.192093037616359652e-07
1.192093037616359652e-07
1.192093037616359652e-07
1.192093037616359652e-07
1.192093037616359652e-07
1.192093037616359652e-07
1.192093037616359652e-07
1.192093037616359652e-07
1.192093037616359652e-07
1.192093037616359652e-07
1.192093037616359652e-07
1.192093037616359652e-07
1.192093037616359652e-07
1.192093037616359652e-07
1.192093037616359652e-07
1.192093037616359652e-07
1.192093037616359652e-07
1.192093037616359652e-07
1.192093037616359652e-07
1.192093037616359652e-07
1.192093037616359652e-07
1.192093037616359652e-07
1.192093037616359652e-07
1.192093037616359652e-07
1.192093037616359652e-07
1.192093037616359652e-07
1.192093037616359652e-07
1.192093037616359652e-07
1.192093037616359652e-07
1.192093037616359652e-07
1.192093037616359652e-07
1.192093037616359652e-07
1.192093037616359652e-07
1.192093037616359652e-07
1.192093037616359652e-07
1.192093037616359652e-07
1.192093037616359652e-07
1.192093037616359652e-07
1.192093037616359652e-07
1.192093037616359652e-07
1.192093037616359652e-07
1.192093037616359652e-07
1.192093037616359652e-07
1.192093037616359652e-07
1.192093037616359652e-07
1.192093037616359652e-07
1.192093037616359652e-07
1.192093037616359652e-07
1.192178187108895839e-07
1.192093037616359652e-07
1.192093037616359652e-07
1.192093037616359652e-07
1.192093037616359652e-07
1.192093037616359652e-07
1.192093037616359652e-07
1.192093037616359652e-07
1.192093037616359652e-07
1.192093037616359652e-07
1.192093037616359652e-07
1.192093037616359652e-07
1.192093037616359652e-07
1.192093037616359652e-07
1.192093037616359652e-07
1.192093037616359652e-07
1.192093037616359652e-07
1.192093037616359652e-07
1.192093037616359652e-07
1.192093037616359652e-07
1.192093037616359652e-07
1.192093037616359652e-07
1.192093037616359652e-07
1.192093037616359652e-07
1.192093037616359652e-07
1.192093037616359652e-07
1.192093037616359652e-07
1.192093037616359652e-07
1.192093037616359652e-07
1.192093037616359652e-07
1.192178187108895839e-07
1.192093037616359652e-07
1.192093037616359652e-07
1.192093037616359652e-07
1.192093037616359652e-07
1.192093037616359652e-07
1.192093037616359652e-07
1.192093037616359652e-07
1.192093037616359652e-07
1.192093037616359652e-07
1.192093037616359652e-07
1.192093037616359652e-07
1.192093037616359652e-07
1.192093037616359652e-07
1.192093037616359652e-07
1.192093037616359652e-07
1.192093037616359652e-07
1.192093037616359652e-07
1.192093037616359652e-07
1.192093037616359652e-07
1.192093037616359652e-07
1.192093037616359652e-07
1.192093037616359652e-07
1.192093037616359652e-07
1.192093037616359652e-07
1.192093037616359652e-07
1.192093037616359652e-07
1.192093037616359652e-07
1.192093037616359652e-07
1.192093037616359652e-07
1.192093037616359652e-07
1.192093037616359652e-07
1.192093037616359652e-07
1.192093037616359652e-07
1.192093037616359652e-07
1.192093037616359652e-07
1.192093037616359652e-07
1.192093037616359652e-07
1.192093037616359652e-07
1.192093037616359652e-07
1.192093037616359652e-07
1.192093037616359652e-07
1.192093037616359652e-07
1.192093037616359652e-07
1.192093037616359652e-07
1.192093037616359652e-07
1.192093037616359652e-07
1.192093037616359652e-07
1.192093037616359652e-07
1.192093037616359652e-07
1.192093037616359652e-07
1.192093037616359652e-07
1.192093037616359652e-07
1.192093037616359652e-07
1.192093037616359652e-07
1.192093037616359652e-07
1.192093037616359652e-07
1.192093037616359652e-07
1.192093037616359652e-07
1.192093037616359652e-07
1.192093037616359652e-07
1.192093037616359652e-07
1.192093037616359652e-07
1.192093037616359652e-07
1.192093037616359652e-07
1.192093037616359652e-07
1.192093037616359652e-07
1.192093037616359652e-07
1.192093037616359652e-07
1.192093037616359652e-07
1.192093037616359652e-07
1.192093037616359652e-07
1.192093037616359652e-07
1.192093037616359652e-07
1.192093037616359652e-07
1.192093037616359652e-07
1.192093037616359652e-07
1.192093037616359652e-07
1.192093037616359652e-07
1.192093037616359652e-07
1.192093037616359652e-07
1.192093037616359652e-07
1.192093037616359652e-07
1.192093037616359652e-07
1.192093037616359652e-07
1.192093037616359652e-07
1.192093037616359652e-07
1.192093037616359652e-07
1.192093037616359652e-07
1.192093037616359652e-07
1.192093037616359652e-07
1.192093037616359652e-07
1.192093037616359652e-07
1.192093037616359652e-07
1.192093037616359652e-07
1.192093037616359652e-07
1.192093037616359652e-07
1.192093037616359652e-07
1.192093037616359652e-07
1.192093037616359652e-07
1.192093037616359652e-07
1.192093037616359652e-07
1.192093037616359652e-07
1.192093037616359652e-07
1.192093037616359652e-07
1.192093037616359652e-07
1.192093037616359652e-07
1.192093037616359652e-07
1.192093037616359652e-07
1.192093037616359652e-07
1.192093037616359652e-07
1.192093037616359652e-07
1.192093037616359652e-07
1.192093037616359652e-07
1.192093037616359652e-07
1.192093037616359652e-07
1.192093037616359652e-07
1.192093037616359652e-07
1.192093037616359652e-07
1.192093037616359652e-07
1.192093037616359652e-07
1.192093037616359652e-07
1.192093037616359652e-07
1.192093037616359652e-07
1.192093037616359652e-07
1.192093037616359652e-07
1.192093037616359652e-07
1.192093037616359652e-07
1.192093037616359652e-07
1.192093037616359652e-07
1.192093037616359652e-07
1.192093037616359652e-07
1.192093037616359652e-07
1.192093037616359652e-07
1.192093037616359652e-07
1.192093037616359652e-07
1.192093037616359652e-07
1.192093037616359652e-07
1.192093037616359652e-07
1.192093037616359652e-07
1.192093037616359652e-07
1.192093037616359652e-07
1.192093037616359652e-07
1.192093037616359652e-07
1.192093037616359652e-07
1.192093037616359652e-07
1.192093037616359652e-07
1.192093037616359652e-07
1.192093037616359652e-07
1.192093037616359652e-07
1.192093037616359652e-07
1.192093037616359652e-07
1.192093037616359652e-07
1.192093037616359652e-07
1.192093037616359652e-07
1.192093037616359652e-07
