6.884278012003217651e-01
6.672939458574567162e-01
5.961548467704228527e-01
4.664239989689418220e-01
3.769435341698783026e-01
3.516461250782013104e-01
3.401874346733093080e-01
3.326146806308201143e-01
3.260267375877925478e-01
3.206304497463362546e-01
3.161421847854341549e-01
3.119993813548769257e-01
3.080873695952551783e-01
3.044297564029693759e-01
3.015590550388608793e-01
2.983714271783828864e-01
2.953110635110310356e-01
2.927228892956461048e-01
2.898027822715895652e-01
2.877436616080147891e-01
2.849016604593822000e-01
2.824583534853798983e-01
2.798732729979923617e-01
2.776001386727605658e-01
2.751995275190898260e-01
2.729722933854375477e-01
2.708027727859360634e-01
2.684420619010925435e-01
2.662550910030092588e-01
2.638775334443365095e-01
2.617774227516991847e-01
2.598613194056919595e-01
2.575667508499963065e-01
2.553614356177194011e-01
2.534312673977442976e-01
2.512170857787132117e-01
2.490430102178028682e-01
2.469986582398414621e-01
2.450084839888981292e-01
2.428183673364775474e-01
2.410190778204372997e-01
2.388300275121416349e-01
2.368117577944482965e-01
2.349380813964775661e-01
2.326546817166464665e-01
2.309997573494911305e-01
2.290667519569397070e-01
2.267909046496663639e-01
2.246875463383538329e-01
2.228681477648871423e-01
2.208204852214881442e-01
2.186825154253414782e-01
2.168521703907421716e-01
2.146597686026777418e-01
2.125156694480350994e-01
2.104038528331688418e-01
2.085138093275683280e-01
2.062044491512434741e-01
2.040711611509323231e-01
2.018879580795764905e-01
1.997395104297569890e-01
1.976271884228502085e-01
1.953563109338283532e-01
1.933158118128776581e-01
1.910942929301943094e-01
1.889218538531235170e-01
1.866814008355140719e-01
1.846793279690401857e-01
1.823200257675988423e-01
1.802400826641491483e-01
1.780267830640077653e-01
1.758704115918704458e-01
1.736625168068068326e-01
1.715580347222941393e-01
1.691930934616497628e-01
1.672094033871378282e-01
1.647700336660657683e-01
1.627902451413018314e-01
1.604627809588398124e-01
1.582096234325851836e-01
1.557798186072281432e-01
1.536206914207765006e-01
1.514779094989810726e-01
1.490320202963692775e-01
1.471516050100326600e-01
1.448117672481707141e-01
1.428250322959252749e-01
1.404338550418615383e-01
1.383115115027342412e-01
1.364458846130541525e-01
1.338948310911655393e-01
1.322279255028281919e-01
1.299629490077495453e-01
1.283445553417716656e-01
1.259932485967874549e-01
1.243849894383123877e-01
1.224041522187846037e-01
1.205994370398776883e-01
1.186456857728106634e-01
1.169578956088849486e-01
1.155411126251731646e-01
1.140524063536099003e-01
1.123197682723403035e-01
1.105590935243027512e-01
1.086930159862552342e-01
1.073004820884338462e-01
1.055615424428667376e-01
1.043736049649970909e-01
1.028234784911785799e-01
1.012259039889488871e-01
1.000416519913290281e-01
9.853678169952971577e-02
9.682835248325552535e-02
9.555661060873951729e-02
9.415640431110347541e-02
9.294215393598589947e-02
9.165256773041827176e-02
9.016440653907401015e-02
8.917239604677472398e-02
8.770892799007040663e-02
8.606057234534195133e-02
8.500077707214015454e-02
8.394346994747008128e-02
8.255665021389722857e-02
8.129081034447466214e-02
8.059328919968435090e-02
7.868579555196421327e-02
7.765844386337059091e-02
7.647473397691334496e-02
7.533837052647555932e-02
7.425270412862300384e-02
7.314217921772173114e-02
7.225215731348309800e-02
7.104009696628366122e-02
6.978783201373049694e-02
6.879415511712431985e-02
6.785292669119578901e-02
6.680977275648287972e-02
6.563830612440194057e-02
6.487234463941837781e-02
6.397733123547263978e-02
6.274823174093450973e-02
6.180432879179716121e-02
6.076997649270508839e-02
5.998855453703020452e-02
5.908510765859058961e-02
5.808328268357685481e-02
5.744310671237430610e-02
5.639967143854924397e-02
5.560542533732950460e-02
5.451174187992832709e-02
5.384022062218615096e-02
5.300267839591418090e-02
5.224659111670085232e-02
5.159200410890792121e-02
5.089345332581017567e-02
5.005618166896913523e-02
4.918556762007730149e-02
4.880898400821855748e-02
4.781921215754534465e-02
4.727039602518613715e-02
4.665589391067623964e-02
4.589313248864242134e-02
4.540875941102526236e-02
4.477145140019378466e-02
4.418370835988649076e-02
4.289419148316873237e-02
4.323657196627131438e-02
4.228581072084073439e-02
4.201905736659786866e-02
4.121867218653538223e-02
4.068582079932093337e-02
4.021185969335160093e-02
3.953857455662052739e-02
3.909609106914805482e-02
3.847533503879926181e-02
3.853715290834328761e-02
3.806360235424446209e-02
3.741169009437518567e-02
3.661639192680429117e-02
3.635972296566303275e-02
3.590057416313460759e-02
3.536117084523929255e-02
3.533132817323452607e-02
3.459473380080557020e-02
3.414938547502138766e-02
3.384382113993966018e-02
3.352664330249120056e-02
3.313409584028912530e-02
3.267797327034973470e-02
3.238103988267747313e-02
3.242902491088690831e-02
3.177330185113740740e-02
3.128663891911440120e-02
3.076855424026559566e-02
3.028636602465329536e-02
2.997373478473829359e-02
2.971419314783997970e-02
2.943296068753780900e-02
2.915105979171182457e-02
2.908476227714813095e-02
2.825179123412817697e-02
2.808838880700724461e-02
2.788233472320384224e-02
2.754648315287860222e-02
2.758399672738076971e-02
2.698923290135072858e-02
2.704829329185719916e-02
2.643433664882156517e-02
2.635448088363877284e-02
2.607375882386362906e-02
2.544431851059198238e-02
2.554445617369908300e-02
2.507642079623682158e-02
2.456099492168452997e-02
2.445334064740953620e-02
2.416759739425365996e-02
2.393202727437684571e-02
2.364428732510922074e-02
2.347069964012397231e-02
2.324022815516218685e-02
2.288851687159123086e-02
2.270847036237163066e-02
2.246295004195001527e-02
2.235785237347175103e-02
2.201661492355300870e-02
2.185115554980334926e-02
2.159079847621199130e-02
2.134283086943573188e-02
2.113866996346041444e-02
2.090162530348503231e-02
2.062359991303778020e-02
2.032323499462966240e-02
2.015686645209124189e-02
1.994624722309942810e-02
1.985566709410133135e-02
1.983579824605424466e-02
1.946496422903146520e-02
1.911120878439396750e-02
1.905450051424226535e-02
1.885747371579054796e-02
1.857291233975307335e-02
1.836588206962083691e-02
1.824750617635436528e-02
1.792223105046598930e-02
1.794884101381259353e-02
1.773934821071036783e-02
1.763523122116125025e-02
1.744250457491060280e-02
1.735492283791037482e-02
1.686555212065909970e-02
1.680733710194804928e-02
1.655591043252830491e-02
1.653700904877457301e-02
1.619373226150803632e-02
1.629727636523811002e-02
1.621562264992722560e-02
1.598318943555932653e-02
1.577510229899780833e-02
1.573729812262380373e-02
1.542605627481160452e-02
1.530509159173483805e-02
1.500522577179279858e-02
1.499921736254223800e-02
1.486280011620172946e-02
1.484635135521446964e-02
1.444808266390048418e-02
1.444143248933167818e-02
1.447075132277261984e-02
1.416462024712070340e-02
1.402835777982337599e-02
1.382733078863904175e-02
1.379839073842491215e-02
1.342360302884896758e-02
1.346002414213892662e-02
1.314893078349996421e-02
1.326736267795786302e-02
1.297169983310491985e-02
1.298916595917710623e-02
1.279229163751006114e-02
1.268447572775351431e-02
1.268629650631919459e-02
1.238910204353409726e-02
1.245529008651750924e-02
1.206116042558902021e-02
1.221669943677261387e-02
1.202431856050887801e-02
1.187458056923268099e-02
1.166119396462038729e-02
1.167407043787950169e-02
1.157890434362343450e-02
1.128972110732658074e-02
1.121670198413942526e-02
1.098689919274017587e-02
1.111867525896273641e-02
1.086128523781995474e-02
1.085388773288910487e-02
1.085269790552722755e-02
1.049430741954295553e-02
1.054829736205283551e-02
1.024840169701201308e-02
1.030434649212319184e-02
1.020972973566469134e-02
1.016069577176157042e-02
9.946064000026256027e-03
9.820653362012567861e-03
9.791346597439510441e-03
9.609729962760216182e-03
9.511735321022569967e-03
9.485971741889703476e-03
9.253853845742664522e-03
9.373855587905771322e-03
9.353468720671246836e-03
9.128919969304531701e-03
8.985774817053295005e-03
8.886910791837310600e-03
8.830522417398501550e-03
8.771972565533360869e-03
8.597536194508263035e-03
8.548006815632107347e-03
8.516644480446951618e-03
8.467888531050578316e-03
8.201822699833428293e-03
8.334585090737424776e-03
8.169464906432300291e-03
8.034408044186419975e-03
7.969638926534182086e-03
7.892005323084179749e-03
7.877726407025225849e-03
7.650764881281897287e-03
7.613046193986000056e-03
7.527922092508691071e-03
7.390086887381455347e-03
7.489297247811919217e-03
7.294181315689586727e-03
7.183781586113452237e-03
7.190241703717869561e-03
7.108456175707812859e-03
7.053227602163263284e-03
6.999938630842994849e-03
6.817800204531522523e-03
6.796712664953832340e-03
6.696038733843514244e-03
6.727384259240352590e-03
6.599111128992392675e-03
6.633642917702672892e-03
6.539357098476362463e-03
6.370314955891184967e-03
6.353691791570911969e-03
6.319201604874771783e-03
6.062452022714881483e-03
6.032591872501922615e-03
6.023375338851890207e-03
5.939785703819195142e-03
5.917352432397560320e-03
5.886127227800898483e-03
5.800539851941202002e-03
5.808274985010420007e-03
5.562142300704311232e-03
5.643757987116779055e-03
5.579476924660931904e-03
5.535274966014964819e-03
5.375447632458028001e-03
5.246380469206736973e-03
5.232332081775114586e-03
5.247463008293770138e-03
5.120225246137124521e-03
5.132617369325348858e-03
5.100438247819381009e-03
4.910784516913606172e-03
4.811491342797256064e-03
4.883133311959681616e-03
4.672046561958268125e-03
4.843433548853292095e-03
4.589634893980214063e-03
4.679320159211263798e-03
4.539433962347435084e-03
4.455645758236642141e-03
4.418572744213243933e-03
4.470258169755522530e-03
4.281941065761202085e-03
4.299181418639948238e-03
4.166312634269810425e-03
4.041771526419325224e-03
4.097971848706427785e-03
4.088980894234347033e-03
3.934799651380412391e-03
3.977371804012364009e-03
3.914017411468583701e-03
3.797478989015611994e-03
3.809473048869611769e-03
3.748457798336987841e-03
3.673453875164601080e-03
3.682850470498254172e-03
3.623458030649739231e-03
3.595007702262851927e-03
3.552188368246528716e-03
3.352316377924840444e-03
3.448949027257445631e-03
3.350792605150283189e-03
3.305080860046603116e-03
3.286356483426061594e-03
3.282976601269183264e-03
3.120436088690569515e-03
3.122553587213717889e-03
3.102960621456596780e-03
3.015814024866878430e-03
3.023154597037188904e-03
2.893744770679664360e-03
2.880705493578456650e-03
2.892784683744788893e-03
2.766808726651496294e-03
2.799099543934419412e-03
2.656191019516102297e-03
2.653633363999038670e-03
2.631816415796557704e-03
2.653703437247713608e-03
2.558601994747472519e-03
2.469549515763511897e-03
2.512882970690270487e-03
2.489054948255345866e-03
2.546733472803160581e-03
2.392254688563427972e-03
2.366910933029495526e-03
2.327520350760356113e-03
2.268240447699099507e-03
2.260411855508469552e-03
2.204962483835385800e-03
2.191458669298818919e-03
2.137791665184392807e-03
2.106066292624745803e-03
2.069997029745016849e-03
2.014325537106612628e-03
2.040453578887341506e-03
2.032975924083919861e-03
1.955738745755557402e-03
1.946582805434250631e-03
1.905494624006970643e-03
1.921728454995120725e-03
1.917348101524891935e-03
1.828196062552446327e-03
1.808087193981139417e-03
1.758514433282471184e-03
1.734322377002951807e-03
1.703851362625105875e-03
1.744473546262659963e-03
1.665700602606323558e-03
1.628493109480456990e-03
1.617819573511496915e-03
1.574431006420387059e-03
1.551789145919818579e-03
1.561113697132441224e-03
1.515319424017206977e-03
1.499197780584706537e-03
1.470216033291957833e-03
1.437126886242042802e-03
1.419854840261125777e-03
1.436357848960986882e-03
1.334170170553989091e-03
1.442359576733127013e-03
1.346236142585829432e-03
1.302294527115626386e-03
1.289599135986593727e-03
1.264706236210778574e-03
1.298959885112708525e-03
1.235941734874034187e-03
1.214185971306441097e-03
1.196483115611077491e-03
1.170894042302409420e-03
1.096272733097391301e-03
1.152215147943869448e-03
1.042580277140781877e-03
1.120894570689740357e-03
1.087530223589575637e-03
1.051266544782980148e-03
1.056614166905287108e-03
1.034997540654850490e-03
1.027740061651846682e-03
9.887747691753117577e-04
9.827338705468784651e-04
9.738736037189548106e-04
9.410707027522806443e-04
9.475888791858519096e-04
9.222256149304094769e-04
9.006047898015562400e-04
8.996702311586497140e-04
8.491427129649440231e-04
8.673171519064583768e-04
8.833252690467361876e-04
8.234160094930952122e-04
8.335506534875289147e-04
7.989428195229980427e-04
8.094883814992174425e-04
7.742918979625820894e-04
7.705392629714943962e-04
7.953291228255109395e-04
7.430762965119421274e-04
7.191433422392817234e-04
7.282631541750106928e-04
6.945511114997608790e-04
6.869398298802349700e-04
7.079555118972556162e-04
6.765995642488178670e-04
6.451127412938798900e-04
6.922706157206448638e-04
6.229039634409413474e-04
6.504722297487270169e-04
6.105764817192331235e-04
6.041966309900804848e-04
5.787999217755961318e-04
5.872171876467616397e-04
5.537047187794997020e-04
5.707125398964762878e-04
5.656496437596355426e-04
5.226440617232778075e-04
5.246095946831701032e-04
5.109482077606831161e-04
5.243825748567750239e-04
5.064458940693644488e-04
4.908740692520561057e-04
4.987237486548110662e-04
4.820702284978973856e-04
4.629016314173831060e-04
4.828915821253758388e-04
4.557354363770563157e-04
4.433105404821487648e-04
4.587366052831254944e-04
4.423227179099740200e-04
4.307154943999194131e-04
4.361483703600827432e-04
4.072863530371445789e-04
3.990040571743195901e-04
4.105139205572803517e-04
3.848106200209388573e-04
3.879407305365865487e-04
3.811020314629201848e-04
3.669112278048162817e-04
3.655075851457110689e-04
3.613014413904238470e-04
3.464726354784163748e-04
3.633887724292890128e-04
3.474277690951501751e-04
3.394351856277515785e-04
3.333206301135760224e-04
3.331449093015765336e-04
3.206638884303174351e-04
3.009235843438610915e-04
3.007977436205107628e-04
2.916553318334860756e-04
3.054308194662748205e-04
2.920302845898927022e-04
2.877786073930630188e-04
2.924011173389544382e-04
2.776631497786833671e-04
2.726561212759861337e-04
2.805220477489943289e-04
2.555697028102648250e-04
2.573612903768207377e-04
2.651134547192473710e-04
2.384643159337299144e-04
2.450390871500595855e-04
2.325233832358760268e-04
2.270244784461803117e-04
2.308531198538860596e-04
2.240297037479714571e-04
2.159713006523621332e-04
2.130245173715528519e-04
2.183845126105877273e-04
2.229613697864221678e-04
2.094425146667455327e-04
1.942212726626166969e-04
1.895842258708333686e-04
1.948146641389355194e-04
1.854322694077187045e-04
1.890076806258288514e-04
2.031095354292509407e-04
1.728116726254873812e-04
1.716547070212105460e-04
1.658836065396371978e-04
1.722357966785758861e-04
1.658313227015761459e-04
1.704948928852932741e-04
1.596992421159159562e-04
1.600883837379569812e-04
1.569389648452995157e-04
1.533094547293590583e-04
1.435932917104959744e-04
1.442850632567862211e-04
1.441958634420643589e-04
1.375246449984907950e-04
1.546802242675247201e-04
1.326653718913348840e-04
1.264170593863127680e-04
1.346529343786317294e-04
1.265620112419258325e-04
1.285070882197162897e-04
1.256563586493614616e-04
1.241575698651169114e-04
1.165374634766586895e-04
1.169410387573342194e-04
1.085472694030613583e-04
1.179812343926706856e-04
1.118576078081819688e-04
1.069697576225345448e-04
1.087374031236549806e-04
9.869199220952395480e-05
1.060543308599335376e-04
1.028670673782861402e-04
1.040772405750171149e-04
9.800405392594971658e-05
9.952013588505386951e-05
9.334795884972533955e-05
9.074156840503227453e-05
9.190272293249433344e-05
8.611208790067133865e-05
9.135568414915594231e-05
8.599048375145100130e-05
8.256828335156894661e-05
7.954311791822224530e-05
8.004717543414179709e-05
7.536332686949467712e-05
7.410753818232608363e-05
7.974064833625301655e-05
7.369004561983923986e-05
7.055071337419706974e-05
7.045430963907100229e-05
7.277040974304326969e-05
7.127848847466923294e-05
6.541574400729847449e-05
6.587281744613651940e-05
6.455282159770701076e-05
6.464996867225636390e-05
6.188624784981908839e-05
6.291466002254050198e-05
5.800849247157202404e-05
5.815848395218381630e-05
5.722448410975695412e-05
5.605207539294301914e-05
5.348451567725273528e-05
5.362917831325830797e-05
5.081762998991377716e-05
5.051300466210964930e-05
4.923596065084114124e-05
4.899423812050177670e-05
5.291367686887887118e-05
4.965849656883035071e-05
4.870172128544579255e-05
4.619821974915794418e-05
4.444891859702693415e-05
4.500448359825830609e-05
4.210624705969426957e-05
4.170722084186958428e-05
4.430741173551463460e-05
3.860479524163500629e-05
4.290995134728551425e-05
4.167051355169146005e-05
3.783002070700344251e-05
3.614272661932968098e-05
4.036257203810171936e-05
3.439924517442705267e-05
3.549219026488767176e-05
3.435989672535860089e-05
3.496902024533352999e-05
3.549341110811253232e-05
3.446950850026756668e-05
3.387454367324542882e-05
3.061955893221173831e-05
3.330170587055038370e-05
3.149884276633331868e-05
2.865471436078743302e-05
3.075386460896619773e-05
2.862887805645186883e-05
3.115512325036563822e-05
2.822989703663227151e-05
2.589468210047536197e-05
2.784701149843320689e-05
2.541150269056353350e-05
2.667458184652917109e-05
2.584457040757115408e-05
2.430691943173509672e-05
2.439947005406598463e-05
2.317821745235245767e-05
2.499716217075079468e-05
2.358509171928549909e-05
2.135959574190695050e-05
2.233590399902953233e-05
2.137536692058412388e-05
2.079646087138696436e-05
2.073958715974250753e-05
1.970344187736827751e-05
2.036647545946834714e-05
2.446079704550031933e-05
1.841849811496233834e-05
1.777927311638904950e-05
1.758509422700171854e-05
1.740036795107308940e-05
1.764971662378554389e-05
1.680037386133140763e-05
1.671644503512327606e-05
1.590183633926958999e-05
1.785968053692548428e-05
1.644115141800739203e-05
1.650230486006876109e-05
1.428012768818527018e-05
1.545280083265814644e-05
1.400470856525056969e-05
1.353506665701128743e-05
2.834723275110003813e-05
1.311056148101995083e-05
1.268475250213084282e-05
1.297563935116029001e-05
1.265936223623092330e-05
1.264357884781475208e-05
1.267942633796792512e-05
1.228174574565140889e-05
1.251304868310398937e-05
1.228249954272087074e-05
1.207447557200274447e-05
1.250782721730762020e-05
1.228147691545343312e-05
1.101612778672590900e-05
1.167593001413739141e-05
1.834639870940333982e-05
1.061136592310114326e-05
1.022584198498017407e-05
9.853400813978753194e-06
9.737047909181586236e-06
1.008193599560464876e-05
9.707415350346439441e-06
9.243872971280454323e-06
9.731046122478151689e-06
9.444779654229153615e-06
9.324717854610753556e-06
9.158176679550576965e-06
9.130799158632336789e-06
8.582996858958073102e-06
8.213709887692338256e-06
8.865290942740752361e-06
8.447819028901903555e-06
7.771772006565568299e-06
8.105643381749619582e-06
7.317495250439216394e-06
8.133876747933754502e-06
7.973475121957562955e-06
7.416976521085416655e-06
7.112598153152508137e-06
7.485287712516505060e-06
6.994297291498697122e-06
6.803292516467861298e-06
6.512771694718010085e-06
6.409199419489856188e-06
6.292704389401089211e-06
6.699005660461158125e-06
6.877610623178043055e-06
5.799584207660960472e-06
5.662787694794653124e-06
5.723371773163827299e-06
5.698816440745498998e-06
5.356827343949329839e-06
5.574444578639615830e-06
6.652867530143729661e-06
4.925853909818604952e-06
4.885472453143588161e-06
6.176949315366592845e-06
4.676096881082360420e-06
4.746849594052296801e-06
4.803093250123830805e-06
4.526326029999186800e-06
4.436997996581989532e-06
4.306367740988596976e-06
4.301801417211338531e-06
4.532251771739278777e-06
4.265546937988671655e-06
4.008716793561818828e-06
4.028847187945368008e-06
3.854255341658634382e-06
3.905898211639526522e-06
3.969238478589431669e-06
3.610303462193899434e-06
3.538672316559703753e-06
4.121069222183645821e-06
3.662482188734169890e-06
3.238728617605244802e-06
3.394838770109994761e-06
3.217214393885115014e-06
3.181591545869975565e-06
3.150689107639794208e-06
3.409679237198101215e-06
3.083043440044873254e-06
2.724425928899368728e-06
2.987835665002031711e-06
2.874221733967325500e-06
2.776815799068442446e-06
2.647631380406372714e-06
2.774087648357895480e-06
2.985756189364759984e-06
2.510676920970971315e-06
2.746295567849951380e-06
2.408520938761934761e-06
2.324489665917488758e-06
2.267589387136987506e-06
3.089295836324319113e-06
2.496102616565362177e-06
2.238472521509850299e-06
2.102695772870382381e-06
2.179483838387698499e-06
2.243709308231700459e-06
2.044305987624284320e-06
2.263059610787162757e-06
2.153569697855216231e-06
2.027222148707810933e-06
1.888819669732453860e-06
1.994701657979801249e-06
2.033900640672722368e-06
1.785474907251227668e-06
1.768628886290051462e-06
1.768744491901738180e-06
2.011488364246361084e-06
1.734812022797476528e-06
1.667431071658549128e-06
1.570076462257929968e-06
3.090884102513363010e-06
1.501525755933081628e-06
1.465754243229509657e-06
1.456819090727939029e-06
1.490606174700458048e-06
1.406588512720320894e-06
1.403359365391614738e-06
1.441852057122819732e-06
1.373642499288507650e-06
1.412930676890157675e-06
1.385689930868595891e-06
1.402130609010652771e-06
1.497586994625115510e-06
1.352547885565919787e-06
1.248111492421750340e-06
1.358577344473945196e-06
1.196210878544791631e-06
1.216093028168480787e-06
1.292642367486353371e-06
1.138165772333975028e-06
1.147846628490307346e-06
1.129247128752857483e-06
1.207457967065498276e-06
1.054002547480844738e-06
1.123686265194529775e-06
1.109437171066929336e-06
1.119391286286892362e-06
9.608786514588376836e-07
1.010363583077378183e-06
9.753151757325082644e-07
9.380449051832329260e-07
1.004940235231645568e-06
9.665917010904324713e-07
9.523968079098007782e-07
8.839422420123810205e-07
8.728270422092723850e-07
8.646944926665257644e-07
8.991386256574124773e-07
1.027040427304980014e-06
9.648629847203795488e-07
7.784103576601150284e-07
7.619937814037517673e-07
7.580170143910436411e-07
7.855346107622349047e-07
7.727652385938200061e-07
7.702672094345481398e-07
7.219706267116115365e-07
7.024955871526929652e-07
7.446362102103064147e-07
7.323923987801857679e-07
7.235408447578655475e-07
6.750669505208861631e-07
6.727525248899317609e-07
6.408952944931505794e-07
6.770571716937671106e-07
6.393032444326049012e-07
6.288070606257990651e-07
5.746710834435881977e-07
6.287641617908385909e-07
5.822135764219637814e-07
6.548314746948692963e-07
1.037209057342027168e-06
5.409655198848537662e-07
5.262345907957361508e-07
5.272229852023103857e-07
5.288562529293423633e-07
5.118673500256980921e-07
5.203847587966135292e-07
5.053192502373349330e-07
5.271219392040750827e-07
5.486324064512311295e-07
5.144271829554522411e-07
4.948810615945018588e-07
4.767790731453455439e-07
4.910403723995062208e-07
4.843306542982516164e-07
4.678369809393448636e-07
4.670788438910936517e-07
4.508135611851165609e-07
4.640399047113013047e-07
5.021914264001940139e-07
4.284792788829301084e-07
4.400767806243623584e-07
4.208994751512104342e-07
4.205426368701280009e-07
4.166421360066254088e-07
4.104349301314869292e-07
4.510369910316772699e-07
4.140542881064642814e-07
3.881922479292500238e-07
3.929959301558483365e-07
4.233803196354658909e-07
5.570782645431140966e-07
5.513666550963795206e-07
3.464936232993360317e-07
3.477366128176332353e-07
3.461102073580539857e-07
3.432917242207622558e-07
3.444413933136404747e-07
3.469790122088462601e-07
3.517304725489469176e-07
3.556304335786210685e-07
3.607057516319400980e-07
3.408313239918113095e-07
3.290377240026438440e-07
3.391963529111308107e-07
3.252225367142662876e-07
3.246097977905395003e-07
3.194495931048939904e-07
3.310563132897316633e-07
3.107642639861296443e-07
3.074344476122600101e-07
2.984256459675244801e-07
3.119484588783702039e-07
3.129525564093325502e-07
2.899954199457559954e-07
2.894844818196621077e-07
2.834899197198735323e-07
2.950961276155794689e-07
2.783216643332967390e-07
2.736720421937986342e-07
2.830390129539799506e-07
2.740213823082220531e-07
2.729826751744569860e-07
2.537551130542072212e-07
2.677118073961537592e-07
2.781854617199184785e-07
2.547003520346282197e-07
3.452748095144540848e-07
2.458702381155880024e-07
2.457681443794562024e-07
2.479822692293964801e-07
2.422513602238853122e-07
2.447633076241929863e-07
2.405059724911292647e-07
2.553652127841944701e-07
2.397480125832122019e-07
2.530831204207320934e-07
2.284569891506699877e-07
2.443289934847468622e-07
2.253659353397909298e-07
6.270552182253855898e-07
4.070260862038464748e-07
2.180174170039858094e-07
2.166209270951315321e-07
2.161355498141607127e-07
2.146198726710021476e-07
2.147816684652882845e-07
2.140067923294606961e-07
2.137002791674343997e-07
2.131297548950377564e-07
2.146625053650755667e-07
2.157524346070463825e-07
2.148923947191048889e-07
2.142027668047116348e-07
2.116225773046867932e-07
2.100899520850621804e-07
2.144922779702288451e-07
2.181452156589460103e-07
2.130277342108196794e-07
2.126445745196698530e-07
2.098344450100090155e-07
2.055855086382507482e-07
1.970107676600361750e-07
2.057558401539998624e-07
2.033971030154394332e-07
2.073055404707702076e-07
1.997356156380192186e-07
2.124827201604213179e-07
2.212453147194537391e-07
1.985605496201969736e-07
1.916122745342363557e-07
1.921401857479005601e-07
1.904542180162544722e-07
2.003999027075613853e-07
1.894494397122668510e-07
1.887768177409400537e-07
1.905990180343256503e-07
1.889896865350237813e-07
1.937156466900497887e-07
1.846555110367782059e-07
1.809770006632658868e-07
1.804575960022702904e-07
1.903692594526416638e-07
2.013708717478428933e-07
1.771197270597570390e-07
1.796316302034029032e-07
1.803895284118490425e-07
1.743693346887604588e-07
2.051013043943125203e-07
1.747865972155133284e-07
1.709548344836418546e-07
1.728707551040185556e-07
1.765321980786081638e-07
1.735944917819714137e-07
1.746162853351051945e-07
1.724279694599317772e-07
1.715168498159463034e-07
1.701799808740491023e-07
1.694050987777830394e-07
1.673359608145931711e-07
1.923792935453353318e-07
1.658288237617203599e-07
1.636660038489675859e-07
1.665100488058409828e-07
1.642876159978966105e-07
1.646026418354397691e-07
1.637852251243592625e-07
1.637852151036765610e-07
1.651561675544144277e-07
1.640662031669697584e-07
1.626782929439027020e-07
1.621843915375263478e-07
1.611114929898706316e-07
1.610093066801709847e-07
1.629592755989506176e-07
1.584718459233564770e-07
1.577565937265847368e-07
1.591871387875341558e-07
1.625080037521391838e-07
1.577651164715072238e-07
1.563430989628094312e-07
1.559173352591512424e-07
1.635723894781092149e-07
1.541036601630756788e-07
1.530477926020726815e-07
1.566156050460319534e-07
1.526646213148654126e-07
1.506295385524936092e-07
1.517364930318113460e-07
1.530478134067639801e-07
1.535672371671483209e-07
1.509190471194545301e-07
1.511489660320616345e-07
1.535757300936373729e-07
1.674042163455981485e-07
1.480495021074342964e-07
1.476748422939116313e-07
1.480154546860441164e-07
1.482453472882687937e-07
1.497269659661729555e-07
1.450266807653731175e-07
1.495481598437566283e-07
1.470958351157085845e-07
1.461591825285982467e-07
1.474364191348545889e-07
1.568883002391885498e-07
1.443625132943842501e-07
1.443880678055263348e-07
1.448393546914823125e-07
1.435706185312873074e-07
1.464912736374961824e-07
1.449245062466226328e-07
1.435706224291217548e-07
1.444902434449042145e-07
1.434088379710374341e-07
1.439197418124292371e-07
1.452821411638589195e-07
1.436643006270190094e-07
1.432640912071292456e-07
1.423018971666221767e-07
1.406670187244734314e-07
1.420123802193172284e-07
1.415355411771607859e-07
1.427617016653519955e-07
1.421230775479541331e-07
1.422082279499850919e-07
1.415014927813120073e-07
1.417824821114014226e-07
1.385042079066676836e-07
1.398751187317819698e-07
1.392535294339073142e-07
1.390406544520114259e-07
1.435280684063400169e-07
1.382487586819739446e-07
1.379337085154474963e-07
1.391428357270082737e-07
1.378400436513922048e-07
1.375335025548857906e-07
1.393386972300244632e-07
1.382913354746051351e-07
1.367330953111637055e-07
1.372525108211318320e-07
1.382572760024101665e-07
1.364521049091698449e-07
1.366905243003202530e-07
1.359922961228221657e-07
1.366564691807070514e-07
1.365713134841176407e-07
1.377463808986638903e-07
1.344851472140362592e-07
1.353110966095170645e-07
1.348683216519930366e-07
1.357198136214979680e-07
1.345532636248338134e-07
1.347491090168010138e-07
1.344085076847737354e-07
1.342893019844788385e-07
1.345532647617021917e-07
1.344510842013083427e-07
1.346299007017088443e-07
1.349790162521458123e-07
1.337954331087790386e-07
1.334378046229695821e-07
2.417873010439766799e-07
1.378655892137560598e-07
1.326884847685505393e-07
1.317944130505566022e-07
1.315304499485137161e-07
1.314623305493764066e-07
1.314963906712104673e-07
1.315985698836032350e-07
1.316496590431727645e-07
1.315389645729478020e-07
1.313431210974158588e-07
1.313601510284050628e-07
1.313601504599708869e-07
1.316070854987369028e-07
1.314367852793501180e-07
1.313942100458526853e-07
1.317433251090603408e-07
1.312153950721040015e-07
1.312494555512395351e-07
1.322201623159863895e-07
1.314197559330360996e-07
1.319562019261866228e-07
1.307044999358757587e-07
1.323223426002836554e-07
1.318880788565885786e-07
1.311217332938343120e-07
1.304660792129652791e-07
1.305767755996254988e-07
1.301084499800708837e-07
1.308237101349212453e-07
1.309173735372886256e-07
1.311132178248694142e-07
1.303383552989803986e-07
1.312324265459860064e-07
1.321435309559352166e-07
1.297763684858312268e-07
1.303894453518036633e-07
1.296230973853848270e-07
1.304916278286327695e-07
1.297337921641883392e-07
1.299892416974606542e-07
1.297337929599962013e-07
1.293761661957302822e-07
1.290270505478474676e-07
1.289163569221532905e-07
1.289248717739610626e-07
1.292569548273344773e-07
1.287801183837343242e-07
1.288482371981964481e-07
1.286013023380811686e-07
1.291207160940237912e-07
1.285246689316668989e-07
1.305512319536969009e-07
1.280478300519202361e-07
1.280733748347172121e-07
1.278008954516605829e-07
1.289333883635533554e-07
1.288993279656226851e-07
1.274688126256608280e-07
1.281329811198312703e-07
1.274773278997340061e-07
1.270941552807666392e-07
1.275454470390156628e-07
1.279711966130240263e-07
1.275028721303377630e-07
1.278945631741277900e-07
1.273325740222779551e-07
1.273921785208845692e-07
1.281329818506752258e-07
1.270004900594098484e-07
1.269153404369457685e-07
1.266939508468567512e-07
1.267450406073424231e-07
1.268131607860466116e-07
1.270515799498233334e-07
1.265491968719548536e-07
1.269664314967095719e-07
1.295890469106910116e-07
1.261319640337075794e-07
1.263363233355058933e-07
1.262000832704351093e-07
1.259872095553354125e-07
1.262426580816671625e-07
1.258254246587447291e-07
1.261830540865308441e-07
1.260979037819457320e-07
1.265151381793267640e-07
1.259872095390944292e-07
1.260212694660367438e-07
1.256210666562245466e-07
1.257658214756572561e-07
1.259616648537433262e-07
1.258509697013973314e-07
1.251527435052984078e-07
1.255274015323136289e-07
1.259531505541287732e-07
1.259446348253082492e-07
1.256721560269267791e-07
1.249058099119792934e-07
1.255444319830140855e-07
1.250931385357034644e-07
1.251953185114221543e-07
1.250931384057756513e-07
1.261404797787690868e-07
1.262171150528956903e-07
1.249228402002699967e-07
1.248802649018086575e-07
1.249483843659098471e-07
1.253996777482565616e-07
1.252378931277624877e-07
1.247695705615115081e-07
1.248291753362147053e-07
1.250079893355047905e-07
1.248376903504322306e-07
1.249143248612329386e-07
1.245566965053512952e-07
1.245481815885796165e-07
1.245141217266011821e-07
1.249313547597401760e-07
1.249398700013313876e-07
1.242416433829670845e-07
1.247695705615115081e-07
1.248121457950089408e-07
1.237733203944506989e-07
1.245737266961961255e-07
1.244970923478051972e-07
1.243863975527607018e-07
1.245141220189387749e-07
1.242927331434527564e-07
1.237222304390733073e-07
1.242757025953064267e-07
1.248376901555405109e-07
1.240713438781832720e-07
1.237562904959434350e-07
1.241054039350533997e-07
1.241650086123107503e-07
1.239265892536423087e-07
1.235178717544320926e-07
1.239180746616901628e-07
1.239010450555204917e-07
1.236881710318422453e-07
1.234156920060870890e-07
1.238584701468425919e-07
1.238925298464112467e-07
1.239436194120051989e-07
1.235349013606017902e-07
1.233646022780833836e-07
1.234838117300439314e-07
1.242075839107721160e-07
1.234327219695582595e-07
1.233731175521565352e-07
1.272644690126461237e-07
1.230921236745936333e-07
1.230750937760863694e-07
1.230750938085683359e-07
1.229133098377133013e-07
1.228962797443143441e-07
1.230154890663470787e-07
1.231346986482354397e-07
1.232113332889639343e-07
1.230495490582532998e-07
1.231176685223545160e-07
1.231346985995125163e-07
1.233731175521565352e-07
1.227685553755821176e-07
1.230069741658163833e-07
1.231261839750784040e-07
1.229899441861042295e-07
1.230154889689012056e-07
1.231517283518509574e-07
1.228026152375605256e-07
1.229218247544849799e-07
1.230836094074610203e-07
1.228366750345750270e-07
1.229643997606087528e-07
1.227174658749520720e-07
1.227174655501325391e-07
1.230750936461585562e-07
1.252464162624684406e-07
1.223598373241787089e-07
1.224790468735851033e-07
1.225556815955185142e-07
1.225045920786474854e-07
1.226323161550421190e-07
1.224790468086211967e-07
1.225471664676141326e-07
1.236626268337204284e-07
1.223768674175776661e-07
1.224194421638458127e-07
1.223598370318411161e-07
1.225812262971106005e-07
1.226067713397632029e-07
1.223002326794033248e-07
1.221810233573705902e-07
1.229558852336205136e-07
1.221384485786204771e-07
1.223257777545378673e-07
1.222150829594933719e-07
1.223768674825415991e-07
1.223257777382968840e-07
1.224705318593675780e-07
1.221043888465698823e-07
1.223598373891426155e-07
1.221384487735121968e-07
1.220788440962548727e-07
1.221043886516781625e-07
1.219851794920552076e-07
1.224279572917501944e-07
1.220532990536022703e-07
1.221384489359219765e-07
1.222491426590620002e-07
1.219085447863627799e-07
1.220788439338450930e-07
1.218744848269384988e-07
1.223428077504909778e-07
1.219511197275226462e-07
1.221469640475853749e-07
1.221299336943307649e-07
1.219681493986562239e-07
1.218319102105981919e-07
1.219936942464171066e-07
1.219426048107509675e-07
1.217637904541594094e-07
1.218148803770548345e-07
1.219851794920552076e-07
1.219426047133050944e-07
1.219170598980261783e-07
1.217552757810023738e-07
1.215934913066770963e-07
1.217552756997974839e-07
1.218830000035658038e-07
1.218915147579277028e-07
1.215679464589162136e-07
1.217893353668841986e-07
1.215083419115866762e-07
1.215253717776119736e-07
1.218063652653914361e-07
1.217041858093839989e-07
1.216190363168477321e-07
1.215424015786733644e-07
1.216275514934750371e-07
1.217723053059671550e-07
1.217297306246629415e-07
1.215679464426752304e-07
1.215424016761192375e-07
1.214827972587175132e-07
1.214402223825215535e-07
1.215934915990146626e-07
1.214317074657499013e-07
1.216105214000760535e-07
1.214827968689340738e-07
1.214913118506696590e-07
1.215424018060470507e-07
1.214231924515323495e-07
1.214487370719195724e-07
1.214913119156335656e-07
1.213891326545178481e-07
1.212528931091583167e-07
1.213380428615502362e-07
1.214231923865684429e-07
1.213976476687353734e-07
1.212103185577819163e-07
1.213635875144193726e-07
1.213976475712895268e-07
1.216956710225401598e-07
1.212103183628901965e-07
1.211847736450571270e-07
1.212273482938794005e-07
1.213976474413617136e-07
1.212103184278541031e-07
1.211166539211002846e-07
1.212784381518109191e-07
1.212869530361006577e-07
1.211932884643829326e-07
1.212188333446257553e-07
1.212869530361006577e-07
1.212699232025573003e-07
1.211251686429802436e-07
1.210996239901110806e-07
1.211336837871255820e-07
1.209548698852813699e-07
1.213976474088797471e-07
1.212103185902638563e-07
1.210144745300567540e-07
1.209463549685096912e-07
1.211421989637528870e-07
1.212103185902638563e-07
1.209633847695710821e-07
1.208782350496611291e-07
1.210400194427815432e-07
1.209463548060999380e-07
1.210229892844186530e-07
1.210655641930965792e-07
1.209718997837886338e-07
1.209548696579076837e-07
1.211932887892024655e-07
1.212103184603360432e-07
1.211762586633215418e-07
1.209037800598317914e-07
1.211166539860641912e-07
1.209974446965134231e-07
1.209037799299039783e-07
1.208612052485997382e-07
1.209122949441215036e-07
1.210315042661542382e-07
1.208612053460456113e-07
1.207334809773133849e-07
1.211507136856328460e-07
1.207590256301825478e-07
1.208356603196339922e-07
1.207334808798675118e-07
1.208782353419987219e-07
1.210059594833572621e-07
1.208526903967919926e-07
1.208271453866213303e-07
1.209804147330422526e-07
1.207505110057484620e-07
1.206909063284911114e-07
1.206653613508024156e-07
1.208186303724038050e-07
1.208782351471070022e-07
1.208952650456142661e-07
1.207675407418459462e-07
1.208697200354436038e-07
1.207675408068098528e-07
1.207334809610724016e-07
1.208697200679255703e-07
1.207249659630958596e-07
1.207249659955777996e-07
1.207079360970705622e-07
1.210655643879882990e-07
1.207675406444000731e-07
1.206653612208746024e-07
1.205716968440485971e-07
1.206313014238601010e-07
1.206568464340307369e-07
1.207334809448314184e-07
1.207334808149036052e-07
1.206142714928708706e-07
1.206313013913781345e-07
1.206653611559106958e-07
1.206057565111353118e-07
1.206568464340307369e-07
1.204099125483740560e-07
1.207164510788061209e-07
1.205972414969177600e-07
1.212614082533036816e-07
1.205376370470340957e-07
1.205376368521423759e-07
1.206823912493096795e-07
1.205461518663599012e-07
1.207760554962078452e-07
1.206398162756678467e-07
1.205546668805774530e-07
1.205376370470340957e-07
1.205716967466027504e-07
1.205120921667912729e-07
1.206398164055956598e-07
1.204610024387875411e-07
1.205461518176369779e-07
1.207164509976012576e-07
1.206227863771606092e-07
1.205291219353706973e-07
1.204439723129066174e-07
1.205376368521423759e-07
1.204439723453885574e-07
1.204524872621602361e-07
1.204524872621602361e-07
1.205035770551278745e-07
1.204950620733922893e-07
1.204184273352179216e-07
1.205206070835629252e-07
1.206483313548493050e-07
1.204439724103524640e-07
1.204780323372948050e-07
1.203503079360806120e-07
1.204013974691926242e-07
1.204610022438958214e-07
1.204439723778705240e-07
1.204439724103524640e-07
1.203588229178161973e-07
1.205035769901639680e-07
1.204013977615301905e-07
1.203503080172855019e-07
1.204184275463506246e-07
1.203928827473126652e-07
1.204780320124752722e-07
1.203843675382034202e-07
1.203928825849028855e-07
1.203247628609460696e-07
1.204269424793632600e-07
1.204524872946422026e-07
1.202055537013230882e-07
1.204354573961349387e-07
1.203077330436436955e-07
1.203843677330951399e-07
1.203588227878883841e-07
1.202821881471598895e-07
1.201544638758735097e-07
1.204354573961349387e-07
1.203928825849028855e-07
1.202992181431130001e-07
1.205716966816388439e-07
1.204610022763777879e-07
1.202566433968448535e-07
1.202140686180947668e-07
1.201970386221416563e-07
1.203332779401275015e-07
1.204439722154607443e-07
1.203332778751635949e-07
1.202310985490839708e-07
1.202566433643629134e-07
1.203588228203703507e-07
1.202651582486526256e-07
1.203417927594533335e-07
1.202821882446057362e-07
1.201885237053699776e-07
1.201374340098482123e-07
1.201714938718266467e-07
1.203503079360806120e-07
1.203162479116924509e-07
1.202481283501453617e-07
1.202396134333737094e-07
1.201714938393446802e-07
1.202396133684098029e-07
1.201885237216109609e-07
1.201885237053699776e-07
1.202651581836887190e-07
1.202481283176634216e-07
1.201970386871055629e-07
1.201970386221416563e-07
1.201885238028158507e-07
1.202396134171327262e-07
1.202310983541922511e-07
1.201374339448843057e-07
1.201374340098482123e-07
1.201204041113409748e-07
1.202992181106310336e-07
1.200948591011703125e-07
1.201118890321595165e-07
1.201459488291740443e-07
1.202055535713952750e-07
1.199926798075726549e-07
1.200011946918623671e-07
1.202310983866742176e-07
1.201289190443536103e-07
1.200948591661342190e-07
1.201289190930765601e-07
1.200693143183733364e-07
1.200778292676269816e-07
1.201289189631487204e-07
1.201459488616559844e-07
1.200863441519166937e-07
1.200437694706124537e-07
1.200607993691197177e-07
1.200607992716738446e-07
1.201033741478698043e-07
1.200437694056485471e-07
1.200948592310981256e-07
1.200948592635800921e-07
1.199671347974019926e-07
1.201374340098482123e-07
1.201885236404060710e-07
1.200607993691197177e-07
1.201118890646414830e-07
1.199501050288225683e-07
1.200011946918623671e-07
1.201714936769349270e-07
1.199926796938858250e-07
1.201459488616559844e-07
1.201118890646414830e-07
1.201118891296053896e-07
1.199841647608731631e-07
1.199415899821230764e-07
1.201459487317281712e-07
1.199501050613045083e-07
1.200097095761520792e-07
1.200607994016016577e-07
1.199841647283911966e-07
1.200607993041558111e-07
1.199330749679055511e-07
1.198905001891554380e-07
1.200693143508553029e-07
1.199075302013495318e-07
1.199841646634272900e-07
1.201033741153878378e-07
1.201289189631487204e-07
1.199075302175905151e-07
1.199671349273298057e-07
1.199671348948478657e-07
1.200863441843986338e-07
1.200522844523480390e-07
1.199160451018802272e-07
1.199671347324380860e-07
1.199245600836158125e-07
1.199841647933551031e-07
1.199586198806303139e-07
1.200267394096954366e-07
1.198905002866013111e-07
1.198819853698296324e-07
1.199501050937864748e-07
1.199415899496411099e-07
1.199160450369163207e-07
1.199415899821230764e-07
1.198734703556121071e-07
1.199501050613045083e-07
1.199671348298839591e-07
1.199586199455942469e-07
1.199160451830851171e-07
1.200182246228515711e-07
1.199415900795689231e-07
1.199160451018802272e-07
1.198394106235615123e-07
1.198905002703603278e-07
1.198734703880940472e-07
1.199586198806303139e-07
1.199075301526266085e-07
1.199586200105581535e-07
1.200693141884455232e-07
1.199841646959092565e-07
1.198138656783547565e-07
1.198479254753692579e-07
1.198649554063584619e-07
1.199160450369163207e-07
1.198819853698296324e-07
1.199330749679055511e-07
1.198819852723837858e-07
1.198564405220687498e-07
1.199245601485797191e-07
1.198479255403331645e-07
1.199926797426087483e-07
1.198819853048657259e-07
1.198138656458727900e-07
1.198734703880940472e-07
1.199841647608731631e-07
1.198649553413945553e-07
1.198819852886247426e-07
1.199415899821230764e-07
1.197457460193618207e-07
1.199330749679055511e-07
1.198053505991733247e-07
1.200182244929237579e-07
1.198564403921409366e-07
1.198053506966191713e-07
1.197798057838943820e-07
1.198479255403331645e-07
1.197712908671227034e-07
1.198819854023115989e-07
1.198819852074198792e-07
1.199330750328694577e-07
1.198649553738765219e-07
1.198308955606210372e-07
1.198649553738765219e-07
1.198394105910795458e-07
1.199075302500724816e-07
1.198308955768620205e-07
1.197968357473655526e-07
1.198138656458727900e-07
1.198734702744072173e-07
1.198053507291011378e-07
1.197457460193618207e-07
1.199075301363856253e-07
1.198053506966191713e-07
1.198308955768620205e-07
1.197372311025901685e-07
1.197712909320866099e-07
1.197457459868798807e-07
1.199160451343621938e-07
1.198223806276083753e-07
1.197968358123294591e-07
1.198138657108367231e-07
1.197372312000360151e-07
1.197883207656299673e-07
1.197883207981119338e-07
1.197627758853871446e-07
1.199501049638586617e-07
1.197457460193618207e-07
1.197202011716009380e-07
1.197542610010974060e-07
1.198138656783547565e-07
1.197883208305938739e-07
1.197542610335793725e-07
1.197287161533365233e-07
1.198308955443800539e-07
1.198138655484269434e-07
1.197287161533365233e-07
1.196861414395503432e-07
1.198053507291011378e-07
1.198394104611517326e-07
1.197712908346407633e-07
1.198308955118981139e-07
1.197542610010974060e-07
1.197627760477968978e-07
1.197968357473655526e-07
1.197116861898653793e-07
1.197202012040829046e-07
1.197116862548292858e-07
1.197542609686154659e-07
1.197457460518437872e-07
1.197883208305938739e-07
1.197627759178690846e-07
1.197287161208545832e-07
1.196861413421044966e-07
1.197798058813402551e-07
1.197968356824016460e-07
1.197883208305938739e-07
1.196861413096225301e-07
1.197627758853871446e-07
1.197031712081297940e-07
1.197372311025901685e-07
1.197031712406117341e-07
1.197627759503510512e-07
1.197372311675540751e-07
1.196776264253328179e-07
1.196861413421044966e-07
1.196946563238400554e-07
1.197031713055756406e-07
1.197372310376262619e-07
1.196520814801260622e-07
1.197116862223473193e-07
1.196946563238400554e-07
1.196095067663398821e-07
1.197031712406117341e-07
1.197202012690468111e-07
1.196861413096225301e-07
1.196861413421044966e-07
1.197202011391189980e-07
1.195924768353506781e-07
1.198223807250542484e-07
1.197116862548292858e-07
1.197712908996046699e-07
1.196946563563220219e-07
1.197116862223473193e-07
1.197116861898653793e-07
1.196776264253328179e-07
1.196605964943436139e-07
1.196605964293797074e-07
1.197031713380576071e-07
1.197202011066370315e-07
1.197287161208545832e-07
1.195754469368434142e-07
1.197031712406117341e-07
1.197202011716009380e-07
1.196861414070684032e-07
1.197031712730937006e-07
1.196946563238400554e-07
1.197457459543979141e-07
1.196520815126080287e-07
1.197627759503510512e-07
1.196350515978597815e-07
1.196095067988218486e-07
1.197031712406117341e-07
1.196605964943436139e-07
1.196605965593075205e-07
1.196435666283183165e-07
1.197202011716009380e-07
1.196605964943436139e-07
1.196605964293797074e-07
1.197116861898653793e-07
1.196095067663398821e-07
1.196435665958363500e-07
1.196180216506296207e-07
1.196605964943436139e-07
1.196180217155935273e-07
1.196946562913581153e-07
1.196350516141007647e-07
1.196265366648471460e-07
1.196520815126080287e-07
1.196605965268255540e-07
1.196520814801260622e-07
1.196350516790646713e-07
1.196520815450899687e-07
1.196180216831115608e-07
1.197116862548292858e-07
1.196180216506296207e-07
1.196520815126080287e-07
1.196605964618616474e-07
1.196691114111152661e-07
1.196520815775719352e-07
1.196350515491368582e-07
1.195924767703867715e-07
1.196180217155935273e-07
1.196435666283183165e-07
1.195754469693253807e-07
1.196520814801260622e-07
1.196265366323651795e-07
1.196180216831115608e-07
1.196520815450899687e-07
1.195839619185789994e-07
1.196180216506296207e-07
1.196180216506296207e-07
1.196435665958363500e-07
1.196435665308724434e-07
1.197116861573834127e-07
1.196691114111152661e-07
1.196095067663398821e-07
1.196009917846042968e-07
1.195754469368434142e-07
1.195669320200717619e-07
1.197457460518437872e-07
1.196095067013759755e-07
1.196435665308724434e-07
1.195584170708181167e-07
1.195839619510609659e-07
1.195243571763577687e-07
1.195924768678326446e-07
1.196520815775719352e-07
1.195413871723108793e-07
1.196350515166549181e-07
1.195754469368434142e-07
1.195924768353506781e-07
1.195413870423830661e-07
1.196691114435972327e-07
1.195669319875897954e-07
1.195754469693253807e-07
1.195669319875897954e-07
1.196095067663398821e-07
1.195754469368434142e-07
1.195754469043614741e-07
1.195669319875897954e-07
1.196180217155935273e-07
1.195584170383361767e-07
1.195839619510609659e-07
1.195669319551078554e-07
1.195158422271041235e-07
1.196009918170862633e-07
1.195328722230572341e-07
1.195328721580933275e-07
1.195924768678326446e-07
1.195413870748650062e-07
1.196861412771405900e-07
1.195413871073469727e-07
1.195924769977604578e-07
1.195328721580933275e-07
1.195839618536150928e-07
1.195839618860970594e-07
1.195499020241186249e-07
1.195158422920680301e-07
1.195754469043614741e-07
1.195073272778505048e-07
1.195413871398289128e-07
1.195584170708181167e-07
1.195839618860970594e-07
1.195158422595860900e-07
1.195499021215644980e-07
1.195413871073469727e-07
1.195328721905752940e-07
1.195158422595860900e-07
1.194988123285968861e-07
1.195584170383361767e-07
1.195669319226258889e-07
1.195413871398289128e-07
1.195669319875897954e-07
1.195073273103324448e-07
1.195243571438758022e-07
1.195754468718795076e-07
1.195243572088397088e-07
1.196605965268255540e-07
1.195158422595860900e-07
1.195669319226258889e-07
1.194988123285968861e-07
1.195499020566005914e-07
1.195584170708181167e-07
1.195924768678326446e-07
1.195499020890825315e-07
1.195328721905752940e-07
1.195328721905752940e-07
1.195584170383361767e-07
1.195499020566005914e-07
1.195413871073469727e-07
1.195754469368434142e-07
1.194902973793432409e-07
1.196350516141007647e-07
1.195243572088397088e-07
1.194817824300896221e-07
1.195158422271041235e-07
1.195243572088397088e-07
1.196265366973290861e-07
1.195499020241186249e-07
1.195584170383361767e-07
1.195413871723108793e-07
1.195158422595860900e-07
1.195073272778505048e-07
1.195073272778505048e-07
1.195158422271041235e-07
1.195499020241186249e-07
1.195413870423830661e-07
1.195328721905752940e-07
1.194988123610788261e-07
1.195073272453685383e-07
1.195328721905752940e-07
1.195499019916366849e-07
1.195158422271041235e-07
1.195243571763577687e-07
1.195328721580933275e-07
1.194647524666184516e-07
1.195073272453685383e-07
1.195499020566005914e-07
1.195413870423830661e-07
1.194988122311510130e-07
1.194988122961149195e-07
1.195073272778505048e-07
1.196009917846042968e-07
1.194817823651257156e-07
1.195499020890825315e-07
1.195158422271041235e-07
1.195499020566005914e-07
1.194477226005931542e-07
1.195499020890825315e-07
1.194902974118252074e-07
1.195754469693253807e-07
1.195243572088397088e-07
1.195328721905752940e-07
1.194817823976076556e-07
1.194647524991004181e-07
1.194902973468613008e-07
1.195328721580933275e-07
1.195328721580933275e-07
1.195584169733722701e-07
1.194988123285968861e-07
1.194732674483540369e-07
1.195839618860970594e-07
1.195158421946221835e-07
1.194902973468613008e-07
1.194902973793432409e-07
1.195158422595860900e-07
1.195243571763577687e-07
1.195243571438758022e-07
1.194732674483540369e-07
1.194902973631022576e-07
1.194817823976076556e-07
1.194647525315823582e-07
1.195328721580933275e-07
1.194562375498467729e-07
1.194902973468613008e-07
1.194562375498467729e-07
1.195158422271041235e-07
1.195158422271041235e-07
1.195413870748650062e-07
1.194817823976076556e-07
1.195243572413216753e-07
1.195584170383361767e-07
1.194817823976076556e-07
1.194817824300896221e-07
1.194732674808360034e-07
1.194988123285968861e-07
1.194902973468613008e-07
1.194562375498467729e-07
1.194988122636329795e-07
1.194988122636329795e-07
1.194902974118252074e-07
1.195499019916366849e-07
1.195158421946221835e-07
1.194562375498467729e-07
1.194817824300896221e-07
1.194647524666184516e-07
1.195243572413216753e-07
1.194817824300896221e-07
1.194902974118252074e-07
1.194902974443071474e-07
1.194477226005931542e-07
1.194817824300896221e-07
1.194392076188575690e-07
1.194902973468613008e-07
1.194902973793432409e-07
1.194647524666184516e-07
1.194817823976076556e-07
1.194306926371219837e-07
1.195243571763577687e-07
1.194988123610788261e-07
1.194988123610788261e-07
1.194902973143793343e-07
1.194732674808360034e-07
1.194647524991004181e-07
1.194988123610788261e-07
1.194562375173648329e-07
1.194647524991004181e-07
1.194306926371219837e-07
1.194817824300896221e-07
1.194817824300896221e-07
1.194221776553864249e-07
1.195073272778505048e-07
1.194732674808360034e-07
1.194817824625715622e-07
1.194647524991004181e-07
1.194392076188575690e-07
1.194902973793432409e-07
1.194902974443071474e-07
1.194732674158720968e-07
1.194817824300896221e-07
1.194136627386147462e-07
1.194647524991004181e-07
1.195328721580933275e-07
1.194817824625715622e-07
1.195073272453685383e-07
1.194647524991004181e-07
1.194817823976076556e-07
1.195499020566005914e-07
1.194392076513395355e-07
1.194647524991004181e-07
1.194562375498467729e-07
1.194732674808360034e-07
1.194732674483540369e-07
1.194306926696039502e-07
1.194647524991004181e-07
1.194647524666184516e-07
1.194477225681112142e-07
1.194477226330751207e-07
1.194477225356292476e-07
1.194392076513395355e-07
1.194392076513395355e-07
1.194732674321130536e-07
1.194392076188575690e-07
1.194902973793432409e-07
1.194562376148106795e-07
1.194562375173648329e-07
1.194306927020858903e-07
1.194562375173648329e-07
1.194817823976076556e-07
1.194902973793432409e-07
1.194732674483540369e-07
1.194477225356292476e-07
1.194477226330751207e-07
1.194477226005931542e-07
1.194817823976076556e-07
1.194221777528322715e-07
1.194902973468613008e-07
1.194477226005931542e-07
1.194477225193882644e-07
1.194647524178955283e-07
1.194136628035786528e-07
1.194477225681112142e-07
1.194306927020858903e-07
1.194392076188575690e-07
1.194051477568791610e-07
1.194562375823287395e-07
1.194477226005931542e-07
1.194477226005931542e-07
1.194306926696039502e-07
1.194647524991004181e-07
1.194221776878683650e-07
1.194392075863756289e-07
1.193966328401074823e-07
1.194051477893611010e-07
1.194051477893611010e-07
1.194562375498467729e-07
1.194392076188575690e-07
1.194392076513395355e-07
1.194392076513395355e-07
1.194732674808360034e-07
1.194477226005931542e-07
1.194732674483540369e-07
1.194306926371219837e-07
1.194306927020858903e-07
1.194306926371219837e-07
1.194221777528322715e-07
1.194306926371219837e-07
1.194732674483540369e-07
1.193966327751435757e-07
1.194306927345678568e-07
1.194477226005931542e-07
1.194562375823287395e-07
1.194647524991004181e-07
1.194647524991004181e-07
1.194136627386147462e-07
1.194051478218430676e-07
1.193796029416002448e-07
1.194732674808360034e-07
1.194306926696039502e-07
1.194306926371219837e-07
1.194306926696039502e-07
1.194136627710966863e-07
1.194051478543250076e-07
1.194136628035786528e-07
1.194562375498467729e-07
1.194392076513395355e-07
1.194221777203503315e-07
1.193966328076255423e-07
1.194051477893611010e-07
1.194136627386147462e-07
1.194306927020858903e-07
1.194051477893611010e-07
1.194306927020858903e-07
1.194477225518702309e-07
1.194392076188575690e-07
1.194477225681112142e-07
1.194306926696039502e-07
1.194221777203503315e-07
1.194051478218430676e-07
1.193796029091182783e-07
1.193881178908538636e-07
1.193966329050713889e-07
1.194647524666184516e-07
1.194051477568791610e-07
1.194136628035786528e-07
1.194221776878683650e-07
1.193966328401074823e-07
1.193540580288754556e-07
1.194136628035786528e-07
1.193710879923465996e-07
1.194136627710966863e-07
1.194051478218430676e-07
1.193881179233358036e-07
1.194306926696039502e-07
1.193966328725894488e-07
1.193966329050713889e-07
1.194136628035786528e-07
1.194221777528322715e-07
1.194221777203503315e-07
1.194051478218430676e-07
1.193966329050713889e-07
1.193796029091182783e-07
1.193796029740821849e-07
1.194647525315823582e-07
1.194136627061327797e-07
1.194136628035786528e-07
1.194647525315823582e-07
1.193796029091182783e-07
1.193966328401074823e-07
1.193881178908538636e-07
1.193796029740821849e-07
1.194136627710966863e-07
1.193455430471398704e-07
1.194221776878683650e-07
1.194477225681112142e-07
1.194051478543250076e-07
1.193881178583718971e-07
1.194051478218430676e-07
1.194051478218430676e-07
1.194221777203503315e-07
1.193625730106110144e-07
1.193540580613573957e-07
1.194221776878683650e-07
1.194221777853142381e-07
1.193966328725894488e-07
1.193796029091182783e-07
1.193966328725894488e-07
1.193625730106110144e-07
1.193710879436236763e-07
1.193455430796218104e-07
1.194221777203503315e-07
1.194051478218430676e-07
1.194136627710966863e-07
1.193881178908538636e-07
1.194221777203503315e-07
1.194051478543250076e-07
1.194392076838214755e-07
1.194221776878683650e-07
1.194051477893611010e-07
1.193966328401074823e-07
1.193625730430929809e-07
1.193625729781290743e-07
1.193881179233358036e-07
1.193710879923465996e-07
1.193710879923465996e-07
1.193881178583718971e-07
1.194051478543250076e-07
1.194221777528322715e-07
1.193966328401074823e-07
1.193540580613573957e-07
1.194306926696039502e-07
1.193625730430929809e-07
1.193881178908538636e-07
1.193796029740821849e-07
1.193881179558177701e-07
1.193710879598646596e-07
1.194051478543250076e-07
1.193540580288754556e-07
1.193881178908538636e-07
1.193881179558177701e-07
1.194306927020858903e-07
1.193625730106110144e-07
1.193881179233358036e-07
1.193881178908538636e-07
1.193710879273826931e-07
1.193625730106110144e-07
1.193540580288754556e-07
1.193625730106110144e-07
1.193881178908538636e-07
1.193881179233358036e-07
1.193881178583718971e-07
1.193796029091182783e-07
1.194306926696039502e-07
1.193625730430929809e-07
1.193370281628501317e-07
1.193881179233358036e-07
1.193881179233358036e-07
1.193796029091182783e-07
1.193796029091182783e-07
1.193796029416002448e-07
1.193370280978862252e-07
1.193625729781290743e-07
1.193966328725894488e-07
1.193966328725894488e-07
1.193625729781290743e-07
1.193625730106110144e-07
1.193881179233358036e-07
1.193796028766363118e-07
1.193796029091182783e-07
1.194051477893611010e-07
1.193796029091182783e-07
1.193625730430929809e-07
1.193966328401074823e-07
1.194051478218430676e-07
1.193540580613573957e-07
1.193540580613573957e-07
1.193710879598646596e-07
1.193710879598646596e-07
1.194136627386147462e-07
1.193796029740821849e-07
1.193796029416002448e-07
1.193966328725894488e-07
1.193796029091182783e-07
1.193455430796218104e-07
1.193710879598646596e-07
1.193455431445857170e-07
1.193625730430929809e-07
1.193881179558177701e-07
1.193455430796218104e-07
1.193625730430929809e-07
1.193710879598646596e-07
1.194647524991004181e-07
1.193710879598646596e-07
1.193540580288754556e-07
1.193796029740821849e-07
1.193796029740821849e-07
1.193540580613573957e-07
1.193796029416002448e-07
1.193625730430929809e-07
1.193625730106110144e-07
1.193710879923465996e-07
1.193881178908538636e-07
1.194051477893611010e-07
1.193455431121037769e-07
1.193710879923465996e-07
1.193710879923465996e-07
1.193796029091182783e-07
1.194051477893611010e-07
1.193540580613573957e-07
1.193625730430929809e-07
1.193881179233358036e-07
1.193881179233358036e-07
1.193370281628501317e-07
1.193455430796218104e-07
1.193881178908538636e-07
1.193540580613573957e-07
1.193710879923465996e-07
1.193455430796218104e-07
1.193625730106110144e-07
1.193625730755749210e-07
1.193881179233358036e-07
1.193881179233358036e-07
1.193881179233358036e-07
1.193881179233358036e-07
1.193540580938393622e-07
1.193455431121037769e-07
1.193540580613573957e-07
1.193710879598646596e-07
1.193881178908538636e-07
1.193710879273826931e-07
1.193710879273826931e-07
1.193455431121037769e-07
1.193370281628501317e-07
1.193625730430929809e-07
1.193370281628501317e-07
1.193114832826073090e-07
1.193710879598646596e-07
1.193455431121037769e-07
1.193710879923465996e-07
1.193625729781290743e-07
1.193881178583718971e-07
1.193455431121037769e-07
1.193455431121037769e-07
1.193625729781290743e-07
1.193625730430929809e-07
1.193540580938393622e-07
1.193540580288754556e-07
1.193540580938393622e-07
1.193455431121037769e-07
1.193881178908538636e-07
1.193625730430929809e-07
1.193710880248285662e-07
1.193710879923465996e-07
1.193540580938393622e-07
1.193710879923465996e-07
1.193455431445857170e-07
1.193966328725894488e-07
1.193455431121037769e-07
1.193540580613573957e-07
1.193370281628501317e-07
1.193455431445857170e-07
1.193540580288754556e-07
1.193710880248285662e-07
1.193540580613573957e-07
1.193540580613573957e-07
1.193966328401074823e-07
1.193881178908538636e-07
1.193625730106110144e-07
1.193540580938393622e-07
1.193285131811145729e-07
1.193455431121037769e-07
1.193455430796218104e-07
1.193285131811145729e-07
1.193455431121037769e-07
1.193710880248285662e-07
1.193710879923465996e-07
1.193540580938393622e-07
1.193370281628501317e-07
1.193455430796218104e-07
1.193370281303681917e-07
1.193199982643428943e-07
1.193199982318609277e-07
1.193285132135965130e-07
1.193370281628501317e-07
1.193455431445857170e-07
1.193285131811145729e-07
1.193455430796218104e-07
1.193455431121037769e-07
1.193540580613573957e-07
1.193199982318609277e-07
1.193796028766363118e-07
1.193285131811145729e-07
1.193370281953320982e-07
1.193625729781290743e-07
1.193455431121037769e-07
1.193540580938393622e-07
1.193114832826073090e-07
1.193625729781290743e-07
1.193285131811145729e-07
1.193370281628501317e-07
1.193455431121037769e-07
1.193370281303681917e-07
1.193455430796218104e-07
1.193540580288754556e-07
1.193540580613573957e-07
1.193540580938393622e-07
1.193285132135965130e-07
1.193285132135965130e-07
1.193540580613573957e-07
1.193540580613573957e-07
1.193540580288754556e-07
1.193199982318609277e-07
1.193199982318609277e-07
1.193455431121037769e-07
1.193455431121037769e-07
1.193370281953320982e-07
1.193455430796218104e-07
1.193455431121037769e-07
1.193370281628501317e-07
1.193455431121037769e-07
1.193285131811145729e-07
1.193029683008717238e-07
1.193199982643428943e-07
1.193370281628501317e-07
1.193540580938393622e-07
1.193370281303681917e-07
1.192944533841000451e-07
1.193285132135965130e-07
1.193455431121037769e-07
1.193285131811145729e-07
1.193029683333536903e-07
1.193625730430929809e-07
1.193285131811145729e-07
1.193455431121037769e-07
1.193540580938393622e-07
1.193370281628501317e-07
1.193455431121037769e-07
1.193199982318609277e-07
1.193199982318609277e-07
1.193199982643428943e-07
1.193455431121037769e-07
1.193029683008717238e-07
1.193199981668970212e-07
1.193455431445857170e-07
1.193199982643428943e-07
1.192944533516181050e-07
1.193625730430929809e-07
1.193540580613573957e-07
1.193625730755749210e-07
1.193540580938393622e-07
1.193285131811145729e-07
1.193370281628501317e-07
1.193285132135965130e-07
1.193285132135965130e-07
1.193285132135965130e-07
1.193370281303681917e-07
1.193370281953320982e-07
1.193455431445857170e-07
1.192944533841000451e-07
1.193029683333536903e-07
1.193625730106110144e-07
1.193370281953320982e-07
1.193114833150892491e-07
1.193199982318609277e-07
1.193199982318609277e-07
1.193455431445857170e-07
1.193285132135965130e-07
1.193029683333536903e-07
1.193114832826073090e-07
1.193114832826073090e-07
1.193285131811145729e-07
1.192859384023644598e-07
1.193114832826073090e-07
1.193540581263213022e-07
1.193199982643428943e-07
1.193199982318609277e-07
1.193370281953320982e-07
1.192689085038572224e-07
1.193625730106110144e-07
1.192944533516181050e-07
1.193540580613573957e-07
1.193370281628501317e-07
1.193370281303681917e-07
1.193114832826073090e-07
1.193029683008717238e-07
1.193199982318609277e-07
1.193370281953320982e-07
1.193455431121037769e-07
1.193285132135965130e-07
1.193285131811145729e-07
1.193455431445857170e-07
1.193199982643428943e-07
1.193455431445857170e-07
1.193199982318609277e-07
1.193285132460784795e-07
1.193540579963934891e-07
1.193370281628501317e-07
1.193199982318609277e-07
1.193199982318609277e-07
1.193370281628501317e-07
1.193455430796218104e-07
1.192944533516181050e-07
1.193029683333536903e-07
1.193199981993789877e-07
1.193540580938393622e-07
1.193029683008717238e-07
1.193114833150892491e-07
1.193029683658356303e-07
1.193199982318609277e-07
1.193029683658356303e-07
1.193285131811145729e-07
1.193285132135965130e-07
1.193285132135965130e-07
1.193285132135965130e-07
1.192859384348464263e-07
1.193285132135965130e-07
1.193199982318609277e-07
1.193285132135965130e-07
1.193114832826073090e-07
1.193199982318609277e-07
1.193455431445857170e-07
1.193029683333536903e-07
1.193029683658356303e-07
1.193199982318609277e-07
1.193029683008717238e-07
1.193114833150892491e-07
1.193114832826073090e-07
1.193199982643428943e-07
1.193285131486326064e-07
1.193370281953320982e-07
1.193029683008717238e-07
1.193199982318609277e-07
1.193199982643428943e-07
1.193114832826073090e-07
1.193199982643428943e-07
1.193285132135965130e-07
1.192944533841000451e-07
1.193114832826073090e-07
1.193199982318609277e-07
1.193114832501253425e-07
1.193114832501253425e-07
1.193285132135965130e-07
1.193370281953320982e-07
1.193114832826073090e-07
1.193114832826073090e-07
1.193029683658356303e-07
1.193199982643428943e-07
1.193199982318609277e-07
1.193114833150892491e-07
1.192944533516181050e-07
1.193114832826073090e-07
1.193285132135965130e-07
1.193455431121037769e-07
1.193114832826073090e-07
1.193114832826073090e-07
1.193199982318609277e-07
1.193370281303681917e-07
1.193114832826073090e-07
1.193114832826073090e-07
1.192944533841000451e-07
1.193199982318609277e-07
1.192689085038572224e-07
1.193114832826073090e-07
1.193199981993789877e-07
1.193114832826073090e-07
1.192859384023644598e-07
1.193540580613573957e-07
1.193285131811145729e-07
1.193540580938393622e-07
1.193114833150892491e-07
1.193540580613573957e-07
1.193114832826073090e-07
1.192859384023644598e-07
1.193029683008717238e-07
1.193029683333536903e-07
1.192689085038572224e-07
1.193029683008717238e-07
1.193199982318609277e-07
1.193199982643428943e-07
1.193114832826073090e-07
1.193455431121037769e-07
1.193029683333536903e-07
1.192859384023644598e-07
1.192944533516181050e-07
1.193114832826073090e-07
1.193370281953320982e-07
1.193029683333536903e-07
1.193285132135965130e-07
1.193114833150892491e-07
1.193370281953320982e-07
1.192859384023644598e-07
1.193199982643428943e-07
1.193114833150892491e-07
1.192944533516181050e-07
1.192859384348464263e-07
1.192944533516181050e-07
1.193114833150892491e-07
1.192859384023644598e-07
1.193370281628501317e-07
1.192944533841000451e-07
1.193199982643428943e-07
1.193029683333536903e-07
1.193029683658356303e-07
1.193029683333536903e-07
1.193029683333536903e-07
1.193114832826073090e-07
1.192944533841000451e-07
1.193029683333536903e-07
1.193114832826073090e-07
1.192944533516181050e-07
1.193199982318609277e-07
1.193029683333536903e-07
1.192944533841000451e-07
1.193285132135965130e-07
1.193370281953320982e-07
1.193199982643428943e-07
1.192859384023644598e-07
1.193114832826073090e-07
1.193199982318609277e-07
1.193285131811145729e-07
1.193029683333536903e-07
1.192859384348464263e-07
1.193199982318609277e-07
1.192859384348464263e-07
1.192944533841000451e-07
1.192689085038572224e-07
1.193114833150892491e-07
1.193114832826073090e-07
1.192944533841000451e-07
1.193285131811145729e-07
1.193029683333536903e-07
1.193114832826073090e-07
1.193199982318609277e-07
1.193029683333536903e-07
1.193114832826073090e-07
1.192944533841000451e-07
1.193029683333536903e-07
1.193029683333536903e-07
1.193285131811145729e-07
1.193114832826073090e-07
1.193029683333536903e-07
1.192774234531108411e-07
1.192944534165820116e-07
1.193029683333536903e-07
1.192944534165820116e-07
1.192859384023644598e-07
1.193199982318609277e-07
1.192774234531108411e-07
1.192944533516181050e-07
1.193114832826073090e-07
1.192689085038572224e-07
1.192859384023644598e-07
1.192859384023644598e-07
1.193114832826073090e-07
1.192944533516181050e-07
1.193029683333536903e-07
1.193029683333536903e-07
1.193114833150892491e-07
1.193029683658356303e-07
1.193029683658356303e-07
1.192944533516181050e-07
1.193029683333536903e-07
1.193114832826073090e-07
1.192859384023644598e-07
1.193370281953320982e-07
1.192944533516181050e-07
1.193114832826073090e-07
1.192859384348464263e-07
1.192944533516181050e-07
1.192944533516181050e-07
1.192859384023644598e-07
1.192944533516181050e-07
1.193114832501253425e-07
1.192689085038572224e-07
1.193029683333536903e-07
1.192774234531108411e-07
1.192944533841000451e-07
1.193114833150892491e-07
1.193199982643428943e-07
1.192603935546035772e-07
1.192859384348464263e-07
1.193029683658356303e-07
1.192944533516181050e-07
1.193029683333536903e-07
1.192859384348464263e-07
1.192689085038572224e-07
1.192944533841000451e-07
1.192944533516181050e-07
1.192944533841000451e-07
1.193029683333536903e-07
1.192859384348464263e-07
1.192944533841000451e-07
1.192944533841000451e-07
1.193029683333536903e-07
1.193114832826073090e-07
1.192944533841000451e-07
1.192859384348464263e-07
1.193029683333536903e-07
1.192944533841000451e-07
1.193114832826073090e-07
1.192774234855928076e-07
1.193029683333536903e-07
1.193199982643428943e-07
1.192859384023644598e-07
1.192944534165820116e-07
1.193029683658356303e-07
1.192944534165820116e-07
1.193029683658356303e-07
1.192774234531108411e-07
1.192859384023644598e-07
1.193029683333536903e-07
1.192944533841000451e-07
1.193029683333536903e-07
1.192774234531108411e-07
1.192859384348464263e-07
1.192689085038572224e-07
1.192774234531108411e-07
1.192774234531108411e-07
1.192944533841000451e-07
1.192944533841000451e-07
1.192774234531108411e-07
1.192944533841000451e-07
1.192944534165820116e-07
1.193114833150892491e-07
1.192944533841000451e-07
1.192689085038572224e-07
1.193029683658356303e-07
1.192774234531108411e-07
1.192859384023644598e-07
1.193114832826073090e-07
1.192859384023644598e-07
1.192944533841000451e-07
1.192944533841000451e-07
1.193029683333536903e-07
1.192944533841000451e-07
1.192689084713752558e-07
1.193029683333536903e-07
1.192859384348464263e-07
1.193029683333536903e-07
1.193029683333536903e-07
1.192944533841000451e-07
1.192859384348464263e-07
1.192774234531108411e-07
1.192774234531108411e-07
1.192859384348464263e-07
1.192944533841000451e-07
1.192859384348464263e-07
1.192603935546035772e-07
1.192944533516181050e-07
1.192774234531108411e-07
1.192944533516181050e-07
1.193029683333536903e-07
1.192944533841000451e-07
1.193370281953320982e-07
1.192944533841000451e-07
1.192944533516181050e-07
1.192859384348464263e-07
1.192944533841000451e-07
1.192944533841000451e-07
1.192689085038572224e-07
1.192774234855928076e-07
1.193114833150892491e-07
1.192774234531108411e-07
1.192689084713752558e-07
1.192774234531108411e-07
1.192859384348464263e-07
1.192689085038572224e-07
1.192859384348464263e-07
1.192774234531108411e-07
1.192774234855928076e-07
1.192689085038572224e-07
1.192689085038572224e-07
1.192944533841000451e-07
1.193029683008717238e-07
1.192689085038572224e-07
1.192944534165820116e-07
1.192859384348464263e-07
1.192774234855928076e-07
1.192859384023644598e-07
1.192774234531108411e-07
1.193114833150892491e-07
1.192774234855928076e-07
1.192774234855928076e-07
1.192774234368698578e-07
1.192859384348464263e-07
1.193029683658356303e-07
1.192774234531108411e-07
1.192859383698825198e-07
1.192603935221216371e-07
1.192603935546035772e-07
1.192944533678590883e-07
1.192689085038572224e-07
1.193029683658356303e-07
1.192944533841000451e-07
1.192689085038572224e-07
1.192774234855928076e-07
1.192603935221216371e-07
1.193029683333536903e-07
1.192944533841000451e-07
1.193114833475712156e-07
1.192774234206289010e-07
1.193029683658356303e-07
1.192689085038572224e-07
1.192774234531108411e-07
1.192944533516181050e-07
1.192689085038572224e-07
1.192689085038572224e-07
1.192689085038572224e-07
1.192859384023644598e-07
1.192859384348464263e-07
1.192944533841000451e-07
1.192689084713752558e-07
1.192944533516181050e-07
1.193199982968248343e-07
1.193029683333536903e-07
1.192603935221216371e-07
1.192859384023644598e-07
1.192774234855928076e-07
1.192774234531108411e-07
1.192518785728680184e-07
1.192603935221216371e-07
1.192689084713752558e-07
1.192859384023644598e-07
1.192859384348464263e-07
1.192944533841000451e-07
1.192859384348464263e-07
1.192944533516181050e-07
1.192944533841000451e-07
1.193114832501253425e-07
1.192689085038572224e-07
1.192944534165820116e-07
1.192859384023644598e-07
1.192859384023644598e-07
1.192603935546035772e-07
1.192944533841000451e-07
1.192603935383626204e-07
1.192859384023644598e-07
1.192689085038572224e-07
1.192944534165820116e-07
1.192774234531108411e-07
1.192689084713752558e-07
1.192774234206289010e-07
1.192603935221216371e-07
1.192689085038572224e-07
1.192774234531108411e-07
1.192859383698825198e-07
1.192689085038572224e-07
1.193029683333536903e-07
1.192944533841000451e-07
1.192774234531108411e-07
1.193114832826073090e-07
1.192774234531108411e-07
1.192603935221216371e-07
1.192944533841000451e-07
1.192603935546035772e-07
1.192859384348464263e-07
1.192859384023644598e-07
1.192689084713752558e-07
1.192859384023644598e-07
1.192774234531108411e-07
1.192774234855928076e-07
1.192603935221216371e-07
1.192689085038572224e-07
1.192689085038572224e-07
1.192944533516181050e-07
1.192603935221216371e-07
1.192859384023644598e-07
1.192859384348464263e-07
1.192603935221216371e-07
1.192774234531108411e-07
1.192689085038572224e-07
1.192859384023644598e-07
1.192603935221216371e-07
1.192859384348464263e-07
1.192689085038572224e-07
1.192689084713752558e-07
1.193199982318609277e-07
1.192774234206289010e-07
1.192518785728680184e-07
1.192774234531108411e-07
1.192774234531108411e-07
1.192689084713752558e-07
1.192603935546035772e-07
1.192689084713752558e-07
1.192689084713752558e-07
1.193029683658356303e-07
1.192603935546035772e-07
1.192689085038572224e-07
1.192518785728680184e-07
1.192944533516181050e-07
1.192689084713752558e-07
1.192774234531108411e-07
1.192774234531108411e-07
1.192859383698825198e-07
1.192689084713752558e-07
1.192689085038572224e-07
1.192774234531108411e-07
1.192774234531108411e-07
1.192689084713752558e-07
1.192859383698825198e-07
1.192689085038572224e-07
1.192689085038572224e-07
1.192859384023644598e-07
1.192603935221216371e-07
1.192859384023644598e-07
1.192689085038572224e-07
1.192689085038572224e-07
1.192689084713752558e-07
1.192774234531108411e-07
1.192603935221216371e-07
1.192774234531108411e-07
1.192689085038572224e-07
1.192774234531108411e-07
1.192859384348464263e-07
1.193114833475712156e-07
1.192603935221216371e-07
1.192774234206289010e-07
1.192689085038572224e-07
1.192689085038572224e-07
1.192774234531108411e-07
1.192689085038572224e-07
1.192944534165820116e-07
1.192774234855928076e-07
1.192603935221216371e-07
1.192774234531108411e-07
1.192518785728680184e-07
1.192603935221216371e-07
1.192689084713752558e-07
1.192774234531108411e-07
1.192689085038572224e-07
1.192689084713752558e-07
1.192689084713752558e-07
1.192689084713752558e-07
1.192774234531108411e-07
1.192859384023644598e-07
1.192859384348464263e-07
1.192774234531108411e-07
1.192689085038572224e-07
1.192689085038572224e-07
1.192689085038572224e-07
1.192774234531108411e-07
1.192859384348464263e-07
1.192774234531108411e-07
1.193029683658356303e-07
1.192603935221216371e-07
1.192518785728680184e-07
1.192689084713752558e-07
1.192603935221216371e-07
1.192774234531108411e-07
1.192859384348464263e-07
1.192689085038572224e-07
1.192689085038572224e-07
1.192603935221216371e-07
1.192689084713752558e-07
1.192603935221216371e-07
1.192689084713752558e-07
1.192603935546035772e-07
1.192518785728680184e-07
1.192689084713752558e-07
1.192774234531108411e-07
1.192774234531108411e-07
1.192859384023644598e-07
1.192774234531108411e-07
1.192689085038572224e-07
1.192603934896396706e-07
1.192689085038572224e-07
1.192689084713752558e-07
1.192859384023644598e-07
1.192603935221216371e-07
1.192603935546035772e-07
1.192689084713752558e-07
1.192774234531108411e-07
1.192774234206289010e-07
1.192774234531108411e-07
1.192518785728680184e-07
1.192603935221216371e-07
1.192689085038572224e-07
1.192774234531108411e-07
1.192689085038572224e-07
1.192689085038572224e-07
1.192518785728680184e-07
1.192689084713752558e-07
1.192603935221216371e-07
1.192859384023644598e-07
1.192603935546035772e-07
1.192859384348464263e-07
1.192518785728680184e-07
1.192689085038572224e-07
1.192774234531108411e-07
1.192689084713752558e-07
1.192689085038572224e-07
1.192518785728680184e-07
1.192859384348464263e-07
1.192689085038572224e-07
1.192859384348464263e-07
1.192689085038572224e-07
1.192689085038572224e-07
1.192518785728680184e-07
1.192774234531108411e-07
1.192603935221216371e-07
1.192774234531108411e-07
1.192774234531108411e-07
1.192518785728680184e-07
1.192774234531108411e-07
1.192603935546035772e-07
1.192774234531108411e-07
1.192774234531108411e-07
1.192774234531108411e-07
1.192774234531108411e-07
1.192518785728680184e-07
1.192603935221216371e-07
1.192859384348464263e-07
1.192859384023644598e-07
1.192689084713752558e-07
1.192518785728680184e-07
1.192689084713752558e-07
1.192689085038572224e-07
1.192689084713752558e-07
1.192518785728680184e-07
1.192518785728680184e-07
1.192774234531108411e-07
1.192774234531108411e-07
1.192603935221216371e-07
1.192518785728680184e-07
1.192689085038572224e-07
1.192689085038572224e-07
1.192518785728680184e-07
1.192689085038572224e-07
1.192774234855928076e-07
1.192859384023644598e-07
1.192518785728680184e-07
1.192518785728680184e-07
1.192774234531108411e-07
1.192689085038572224e-07
1.192603935221216371e-07
1.192518785728680184e-07
1.192944533841000451e-07
1.192774234531108411e-07
1.192859384023644598e-07
1.192689085038572224e-07
1.192603935221216371e-07
1.192518785728680184e-07
1.192689085038572224e-07
1.192774234531108411e-07
1.192603935221216371e-07
