6.678571428571428159e-01
6.272857142857143353e-01
6.344285714285714528e-01
6.727142857142857091e-01
7.670000000000000151e-01
8.324285714285714066e-01
8.612857142857143211e-01
8.625714285714285445e-01
8.604285714285714315e-01
8.547142857142857597e-01
8.578571428571428736e-01
8.601428571428570979e-01
8.629999999999999893e-01
8.681428571428571050e-01
8.704285714285714404e-01
8.714285714285714413e-01
8.737142857142856656e-01
8.744285714285714439e-01
8.755714285714285561e-01
8.785714285714285587e-01
8.792857142857143371e-01
8.791428571428571148e-01
8.797142857142856709e-01
8.807142857142856718e-01
8.812857142857143389e-01
8.834285714285714519e-01
8.827142857142856736e-01
8.840000000000000080e-01
8.851428571428571201e-01
8.860000000000000098e-01
8.851428571428571201e-01
8.870000000000000107e-01
8.865714285714285658e-01
8.887142857142856789e-01
8.875714285714285667e-01
8.900000000000000133e-01
8.902857142857142358e-01
8.897142857142856798e-01
8.907142857142856807e-01
8.927142857142856824e-01
8.914285714285714590e-01
8.915714285714285703e-01
8.944285714285714617e-01
8.938571428571429056e-01
8.948571428571429065e-01
8.951428571428571290e-01
8.955714285714285738e-01
8.945714285714285730e-01
8.955714285714285738e-01
8.957142857142856851e-01
8.962857142857142412e-01
8.957142857142856851e-01
8.968571428571429083e-01
8.964285714285714635e-01
8.970000000000000195e-01
8.971428571428571308e-01
8.977142857142856869e-01
8.978571428571429092e-01
8.978571428571429092e-01
8.977142857142856869e-01
8.987142857142856878e-01
8.990000000000000213e-01
8.988571428571429101e-01
8.988571428571429101e-01
8.988571428571429101e-01
8.995714285714285774e-01
9.001428571428571335e-01
9.002857142857142447e-01
9.002857142857142447e-01
9.017142857142856904e-01
9.008571428571429118e-01
9.020000000000000240e-01
9.022857142857142465e-01
9.024285714285714688e-01
9.041428571428571370e-01
9.038571428571428035e-01
9.041428571428571370e-01
9.050000000000000266e-01
9.058571428571428052e-01
9.051428571428571379e-01
9.052857142857142492e-01
9.062857142857142501e-01
9.057142857142856940e-01
9.068571428571428061e-01
9.067142857142856949e-01
9.071428571428571397e-01
9.070000000000000284e-01
9.078571428571428070e-01
9.082857142857142518e-01
9.081428571428571406e-01
9.091428571428571415e-01
9.088571428571428079e-01
9.104285714285714759e-01
9.098571428571428088e-01
9.107142857142856984e-01
9.104285714285714759e-01
9.110000000000000320e-01
9.118571428571428106e-01
9.124285714285714777e-01
9.111428571428571432e-01
9.132857142857142563e-01
9.127142857142857002e-01
9.130000000000000338e-01
9.141428571428571459e-01
9.130000000000000338e-01
9.140000000000000346e-01
9.138571428571428124e-01
9.144285714285714795e-01
9.145714285714285907e-01
9.144285714285714795e-01
9.150000000000000355e-01
9.151428571428571468e-01
9.154285714285714803e-01
9.158571428571428141e-01
9.162857142857142589e-01
9.164285714285714812e-01
9.145714285714285907e-01
9.161428571428571477e-01
9.164285714285714812e-01
9.167142857142857038e-01
9.168571428571428150e-01
9.168571428571428150e-01
9.168571428571428150e-01
9.178571428571428159e-01
9.187142857142857055e-01
9.174285714285714821e-01
9.177142857142857046e-01
9.188571428571428168e-01
9.182857142857142607e-01
9.185714285714285943e-01
9.192857142857142616e-01
9.187142857142857055e-01
9.191428571428571503e-01
9.198571428571428177e-01
9.197142857142857064e-01
9.192857142857142616e-01
9.192857142857142616e-01
9.204285714285713738e-01
9.210000000000000409e-01
9.211428571428571521e-01
9.211428571428571521e-01
9.210000000000000409e-01
9.212857142857142634e-01
9.220000000000000417e-01
9.218571428571428195e-01
9.222857142857142643e-01
9.221428571428571530e-01
9.228571428571428203e-01
9.222857142857142643e-01
9.227142857142857091e-01
9.231428571428571539e-01
9.235714285714285987e-01
9.237142857142857100e-01
9.238571428571428212e-01
9.237142857142857100e-01
9.241428571428571548e-01
9.245714285714285996e-01
9.250000000000000444e-01
9.260000000000000453e-01
9.260000000000000453e-01
9.260000000000000453e-01
9.260000000000000453e-01
9.262857142857142678e-01
9.275714285714286023e-01
9.264285714285713791e-01
9.274285714285713800e-01
9.275714285714286023e-01
9.270000000000000462e-01
9.284285714285713809e-01
9.278571428571428248e-01
9.284285714285713809e-01
9.281428571428571583e-01
9.285714285714286031e-01
9.288571428571428257e-01
9.287142857142857144e-01
9.292857142857142705e-01
9.297142857142857153e-01
9.294285714285713818e-01
9.304285714285713826e-01
9.294285714285713818e-01
9.301428571428571601e-01
9.307142857142857162e-01
9.304285714285713826e-01
9.300000000000000488e-01
9.307142857142857162e-01
9.320000000000000506e-01
9.320000000000000506e-01
9.320000000000000506e-01
9.320000000000000506e-01
9.330000000000000515e-01
9.331428571428571628e-01
9.325714285714286067e-01
9.338571428571428301e-01
9.340000000000000524e-01
9.347142857142857197e-01
9.350000000000000533e-01
9.345714285714286085e-01
9.344285714285713862e-01
9.350000000000000533e-01
9.355714285714286094e-01
9.357142857142857206e-01
9.358571428571428319e-01
9.358571428571428319e-01
9.367142857142857215e-01
9.360000000000000542e-01
9.370000000000000551e-01
9.370000000000000551e-01
9.370000000000000551e-01
9.372857142857142776e-01
9.377142857142857224e-01
9.375714285714286111e-01
9.379999999999999449e-01
9.382857142857142785e-01
9.389999999999999458e-01
9.394285714285713906e-01
9.394285714285713906e-01
9.389999999999999458e-01
9.398571428571428354e-01
9.397142857142857242e-01
9.405714285714286138e-01
9.407142857142857251e-01
9.407142857142857251e-01
9.414285714285713924e-01
9.412857142857142811e-01
9.412857142857142811e-01
9.415714285714286147e-01
9.419999999999999485e-01
9.421428571428571708e-01
9.425714285714286156e-01
9.425714285714286156e-01
9.432857142857142829e-01
9.431428571428571717e-01
9.432857142857142829e-01
9.431428571428571717e-01
9.449999999999999512e-01
9.441428571428571725e-01
9.447142857142857286e-01
9.452857142857142847e-01
9.455714285714286182e-01
9.459999999999999520e-01
9.458571428571428408e-01
9.461428571428571743e-01
9.462857142857142856e-01
9.468571428571428417e-01
9.479999999999999538e-01
9.469999999999999529e-01
9.479999999999999538e-01
9.469999999999999529e-01
9.472857142857142865e-01
9.477142857142857313e-01
9.474285714285713977e-01
9.481428571428571761e-01
9.482857142857142874e-01
9.484285714285713986e-01
9.489999999999999547e-01
9.489999999999999547e-01
9.489999999999999547e-01
9.494285714285713995e-01
9.504285714285714004e-01
9.495714285714286218e-01
9.501428571428571779e-01
9.502857142857142891e-01
9.499999999999999556e-01
9.509999999999999565e-01
9.512857142857142900e-01
9.509999999999999565e-01
9.509999999999999565e-01
9.517142857142857348e-01
9.508571428571428452e-01
9.518571428571428461e-01
9.524285714285714022e-01
9.519999999999999574e-01
9.524285714285714022e-01
9.524285714285714022e-01
9.528571428571428470e-01
9.537142857142857366e-01
9.531428571428571805e-01
9.525714285714286245e-01
9.535714285714286254e-01
9.539999999999999591e-01
9.538571428571428479e-01
9.545714285714286262e-01
9.547142857142857375e-01
9.548571428571428488e-01
9.551428571428571823e-01
9.541428571428571814e-01
9.551428571428571823e-01
9.547142857142857375e-01
9.545714285714286262e-01
9.555714285714285161e-01
9.549999999999999600e-01
9.559999999999999609e-01
9.559999999999999609e-01
9.551428571428571823e-01
9.557142857142857384e-01
9.559999999999999609e-01
9.558571428571428497e-01
9.561428571428571832e-01
9.562857142857142945e-01
9.564285714285714057e-01
9.561428571428571832e-01
9.564285714285714057e-01
9.564285714285714057e-01
9.568571428571428505e-01
9.568571428571428505e-01
9.565714285714285170e-01
9.565714285714285170e-01
9.571428571428571841e-01
9.571428571428571841e-01
9.571428571428571841e-01
9.575714285714285179e-01
9.575714285714285179e-01
9.578571428571428514e-01
9.572857142857142954e-01
9.578571428571428514e-01
9.575714285714285179e-01
9.582857142857142962e-01
9.581428571428571850e-01
9.584285714285714075e-01
9.582857142857142962e-01
9.585714285714285188e-01
9.582857142857142962e-01
9.591428571428571859e-01
9.584285714285714075e-01
9.589999999999999636e-01
9.594285714285714084e-01
9.584285714285714075e-01
9.588571428571428523e-01
9.594285714285714084e-01
9.592857142857142971e-01
9.592857142857142971e-01
9.595714285714285197e-01
9.591428571428571859e-01
9.598571428571428532e-01
9.592857142857142971e-01
9.597142857142857419e-01
9.592857142857142971e-01
9.604285714285714093e-01
9.599999999999999645e-01
9.597142857142857419e-01
9.605714285714285205e-01
9.601428571428571868e-01
9.607142857142857428e-01
9.598571428571428532e-01
9.605714285714285205e-01
9.604285714285714093e-01
9.609999999999999654e-01
9.607142857142857428e-01
9.612857142857142989e-01
9.617142857142857437e-01
9.609999999999999654e-01
9.611428571428571876e-01
9.614285714285714102e-01
9.612857142857142989e-01
9.618571428571428550e-01
9.618571428571428550e-01
9.617142857142857437e-01
9.618571428571428550e-01
9.621428571428571885e-01
9.627142857142857446e-01
9.625714285714285223e-01
9.619999999999999662e-01
9.628571428571428559e-01
9.625714285714285223e-01
9.629999999999999671e-01
9.638571428571428568e-01
9.632857142857143007e-01
9.629999999999999671e-01
9.629999999999999671e-01
9.628571428571428559e-01
9.634285714285714119e-01
9.632857142857143007e-01
9.634285714285714119e-01
9.638571428571428568e-01
9.639999999999999680e-01
9.637142857142857455e-01
9.645714285714285241e-01
9.644285714285714128e-01
9.642857142857143016e-01
9.645714285714285241e-01
9.648571428571428577e-01
9.648571428571428577e-01
9.648571428571428577e-01
9.658571428571428585e-01
9.652857142857143025e-01
9.654285714285714137e-01
9.658571428571428585e-01
9.658571428571428585e-01
9.657142857142857473e-01
9.657142857142857473e-01
9.662857142857143034e-01
9.658571428571428585e-01
9.662857142857143034e-01
9.658571428571428585e-01
9.659999999999999698e-01
9.664285714285714146e-01
9.671428571428571930e-01
9.662857142857143034e-01
9.662857142857143034e-01
9.672857142857143042e-01
9.668571428571428594e-01
9.665714285714285259e-01
9.667142857142857482e-01
9.668571428571428594e-01
9.672857142857143042e-01
9.674285714285714155e-01
9.671428571428571930e-01
9.671428571428571930e-01
9.679999999999999716e-01
9.675714285714285268e-01
9.675714285714285268e-01
9.677142857142857491e-01
9.672857142857143042e-01
9.677142857142857491e-01
9.677142857142857491e-01
9.684285714285714164e-01
9.685714285714285277e-01
9.685714285714285277e-01
9.681428571428571939e-01
9.677142857142857491e-01
9.687142857142857499e-01
9.684285714285714164e-01
9.687142857142857499e-01
9.685714285714285277e-01
9.681428571428571939e-01
9.688571428571428612e-01
9.684285714285714164e-01
9.687142857142857499e-01
9.682857142857143051e-01
9.689999999999999725e-01
9.691428571428571948e-01
9.691428571428571948e-01
9.691428571428571948e-01
9.692857142857143060e-01
9.691428571428571948e-01
9.691428571428571948e-01
9.689999999999999725e-01
9.695714285714285285e-01
9.702857142857143069e-01
9.694285714285714173e-01
9.699999999999999734e-01
9.698571428571428621e-01
9.697142857142857508e-01
9.695714285714285285e-01
9.705714285714285294e-01
9.705714285714285294e-01
9.705714285714285294e-01
9.705714285714285294e-01
9.704285714285714182e-01
9.707142857142857517e-01
9.701428571428571956e-01
9.708571428571428630e-01
9.707142857142857517e-01
9.707142857142857517e-01
9.705714285714285294e-01
9.711428571428571965e-01
9.718571428571428639e-01
9.707142857142857517e-01
9.707142857142857517e-01
9.708571428571428630e-01
9.715714285714285303e-01
9.705714285714285294e-01
9.722857142857143087e-01
9.715714285714285303e-01
9.719999999999999751e-01
9.718571428571428639e-01
9.721428571428571974e-01
9.722857142857143087e-01
9.712857142857143078e-01
9.719999999999999751e-01
9.724285714285714199e-01
9.724285714285714199e-01
9.728571428571428648e-01
9.724285714285714199e-01
9.719999999999999751e-01
9.728571428571428648e-01
9.731428571428571983e-01
9.729999999999999760e-01
9.728571428571428648e-01
9.731428571428571983e-01
9.729999999999999760e-01
9.732857142857143096e-01
9.732857142857143096e-01
9.735714285714285321e-01
9.729999999999999760e-01
9.731428571428571983e-01
9.737142857142857544e-01
9.737142857142857544e-01
9.738571428571428656e-01
9.738571428571428656e-01
9.737142857142857544e-01
9.738571428571428656e-01
9.741428571428570882e-01
9.741428571428570882e-01
9.738571428571428656e-01
9.741428571428570882e-01
9.739999999999999769e-01
9.738571428571428656e-01
9.745714285714285330e-01
9.748571428571428665e-01
9.744285714285714217e-01
9.744285714285714217e-01
9.749999999999999778e-01
9.747142857142857553e-01
9.744285714285714217e-01
9.749999999999999778e-01
9.749999999999999778e-01
9.748571428571428665e-01
9.751428571428570891e-01
9.747142857142857553e-01
9.754285714285714226e-01
9.755714285714285339e-01
9.758571428571428674e-01
9.754285714285714226e-01
9.757142857142857562e-01
9.752857142857143113e-01
9.761428571428570899e-01
9.755714285714285339e-01
9.759999999999999787e-01
9.762857142857143122e-01
9.764285714285714235e-01
9.772857142857143131e-01
9.768571428571428683e-01
9.765714285714285348e-01
9.762857142857143122e-01
9.764285714285714235e-01
9.767142857142857570e-01
9.769999999999999796e-01
9.768571428571428683e-01
9.764285714285714235e-01
9.771428571428570908e-01
9.774285714285714244e-01
9.772857142857143131e-01
9.777142857142857579e-01
9.775714285714285356e-01
9.779999999999999805e-01
9.771428571428570908e-01
9.774285714285714244e-01
9.778571428571428692e-01
9.777142857142857579e-01
9.781428571428570917e-01
9.781428571428570917e-01
9.775714285714285356e-01
9.775714285714285356e-01
9.777142857142857579e-01
9.785714285714285365e-01
9.778571428571428692e-01
9.778571428571428692e-01
9.781428571428570917e-01
9.784285714285714253e-01
9.785714285714285365e-01
9.789999999999999813e-01
9.784285714285714253e-01
9.784285714285714253e-01
9.788571428571428701e-01
9.785714285714285365e-01
9.787142857142857588e-01
9.785714285714285365e-01
9.788571428571428701e-01
9.784285714285714253e-01
9.791428571428570926e-01
9.781428571428570917e-01
9.795714285714285374e-01
9.789999999999999813e-01
9.795714285714285374e-01
9.791428571428570926e-01
9.794285714285714262e-01
9.792857142857143149e-01
9.797142857142857597e-01
9.795714285714285374e-01
9.797142857142857597e-01
9.801428571428570935e-01
9.795714285714285374e-01
9.797142857142857597e-01
9.797142857142857597e-01
9.799999999999999822e-01
9.804285714285714270e-01
9.797142857142857597e-01
9.804285714285714270e-01
9.808571428571428719e-01
9.805714285714285383e-01
9.801428571428570935e-01
9.808571428571428719e-01
9.802857142857143158e-01
9.805714285714285383e-01
9.805714285714285383e-01
9.804285714285714270e-01
9.812857142857143167e-01
9.819999999999999840e-01
9.814285714285714279e-01
9.808571428571428719e-01
9.815714285714285392e-01
9.812857142857143167e-01
9.814285714285714279e-01
9.818571428571428727e-01
9.817142857142857615e-01
9.819999999999999840e-01
9.821428571428570953e-01
9.817142857142857615e-01
9.818571428571428727e-01
9.818571428571428727e-01
9.822857142857143176e-01
9.819999999999999840e-01
9.822857142857143176e-01
9.821428571428570953e-01
9.825714285714285401e-01
9.825714285714285401e-01
9.829999999999999849e-01
9.822857142857143176e-01
9.828571428571428736e-01
9.827142857142857624e-01
9.825714285714285401e-01
9.832857142857143185e-01
9.829999999999999849e-01
9.829999999999999849e-01
9.832857142857143185e-01
9.831428571428570962e-01
9.829999999999999849e-01
9.829999999999999849e-01
9.837142857142857633e-01
9.838571428571428745e-01
9.834285714285714297e-01
9.838571428571428745e-01
9.834285714285714297e-01
9.835714285714285410e-01
9.838571428571428745e-01
9.835714285714285410e-01
9.832857142857143185e-01
9.841428571428570971e-01
9.835714285714285410e-01
9.835714285714285410e-01
9.838571428571428745e-01
9.842857142857143193e-01
9.841428571428570971e-01
9.842857142857143193e-01
9.841428571428570971e-01
9.842857142857143193e-01
9.841428571428570971e-01
9.844285714285714306e-01
9.844285714285714306e-01
9.845714285714285419e-01
9.839999999999999858e-01
9.847142857142857642e-01
9.842857142857143193e-01
9.845714285714285419e-01
9.851428571428570979e-01
9.845714285714285419e-01
9.848571428571428754e-01
9.848571428571428754e-01
9.848571428571428754e-01
9.848571428571428754e-01
9.845714285714285419e-01
9.849999999999999867e-01
9.851428571428570979e-01
9.849999999999999867e-01
9.847142857142857642e-01
9.851428571428570979e-01
9.849999999999999867e-01
9.848571428571428754e-01
9.852857142857143202e-01
9.852857142857143202e-01
9.855714285714285428e-01
9.854285714285714315e-01
9.855714285714285428e-01
9.855714285714285428e-01
9.855714285714285428e-01
9.854285714285714315e-01
9.854285714285714315e-01
9.852857142857143202e-01
9.857142857142857650e-01
9.858571428571428763e-01
9.861428571428570988e-01
9.861428571428570988e-01
9.854285714285714315e-01
9.862857142857143211e-01
9.859999999999999876e-01
9.858571428571428763e-01
9.861428571428570988e-01
9.862857142857143211e-01
9.868571428571428772e-01
9.862857142857143211e-01
9.862857142857143211e-01
9.861428571428570988e-01
9.868571428571428772e-01
9.865714285714285436e-01
9.868571428571428772e-01
9.861428571428570988e-01
9.869999999999999885e-01
9.864285714285714324e-01
9.871428571428570997e-01
9.872857142857143220e-01
9.868571428571428772e-01
9.869999999999999885e-01
9.867142857142857659e-01
9.877142857142857668e-01
9.869999999999999885e-01
9.875714285714285445e-01
9.877142857142857668e-01
9.871428571428570997e-01
9.874285714285714333e-01
9.872857142857143220e-01
9.871428571428570997e-01
9.879999999999999893e-01
9.875714285714285445e-01
9.871428571428570997e-01
9.878571428571428781e-01
9.882857142857143229e-01
9.877142857142857668e-01
9.879999999999999893e-01
9.878571428571428781e-01
9.879999999999999893e-01
9.877142857142857668e-01
9.879999999999999893e-01
9.882857142857143229e-01
9.881428571428571006e-01
9.878571428571428781e-01
9.884285714285714342e-01
9.884285714285714342e-01
9.875714285714285445e-01
9.884285714285714342e-01
9.879999999999999893e-01
9.882857142857143229e-01
9.884285714285714342e-01
9.885714285714285454e-01
9.885714285714285454e-01
9.892857142857143238e-01
9.888571428571428790e-01
9.885714285714285454e-01
9.887142857142857677e-01
9.884285714285714342e-01
9.884285714285714342e-01
9.885714285714285454e-01
9.887142857142857677e-01
9.889999999999999902e-01
9.895714285714285463e-01
9.889999999999999902e-01
9.888571428571428790e-01
9.889999999999999902e-01
9.887142857142857677e-01
9.888571428571428790e-01
9.891428571428571015e-01
9.891428571428571015e-01
9.892857142857143238e-01
9.892857142857143238e-01
9.894285714285714350e-01
9.898571428571428799e-01
9.892857142857143238e-01
9.895714285714285463e-01
9.897142857142857686e-01
9.892857142857143238e-01
9.894285714285714350e-01
9.895714285714285463e-01
9.889999999999999902e-01
9.892857142857143238e-01
9.898571428571428799e-01
9.892857142857143238e-01
9.889999999999999902e-01
9.895714285714285463e-01
9.897142857142857686e-01
9.894285714285714350e-01
9.895714285714285463e-01
9.899999999999999911e-01
9.897142857142857686e-01
9.895714285714285463e-01
9.898571428571428799e-01
9.899999999999999911e-01
9.899999999999999911e-01
9.901428571428571024e-01
9.904285714285714359e-01
9.905714285714285472e-01
9.905714285714285472e-01
9.902857142857143247e-01
9.898571428571428799e-01
9.902857142857143247e-01
9.901428571428571024e-01
9.899999999999999911e-01
9.905714285714285472e-01
9.905714285714285472e-01
9.908571428571428807e-01
9.907142857142857695e-01
9.902857142857143247e-01
9.904285714285714359e-01
9.908571428571428807e-01
9.904285714285714359e-01
9.904285714285714359e-01
9.908571428571428807e-01
9.911428571428571033e-01
9.908571428571428807e-01
9.907142857142857695e-01
9.908571428571428807e-01
9.907142857142857695e-01
9.907142857142857695e-01
9.909999999999999920e-01
9.909999999999999920e-01
9.911428571428571033e-01
9.911428571428571033e-01
9.908571428571428807e-01
9.912857142857143256e-01
9.911428571428571033e-01
9.912857142857143256e-01
9.914285714285714368e-01
9.911428571428571033e-01
9.914285714285714368e-01
9.915714285714285481e-01
9.914285714285714368e-01
9.912857142857143256e-01
9.909999999999999920e-01
9.917142857142856593e-01
9.918571428571428816e-01
9.918571428571428816e-01
9.912857142857143256e-01
9.912857142857143256e-01
9.915714285714285481e-01
9.915714285714285481e-01
9.919999999999999929e-01
9.919999999999999929e-01
9.918571428571428816e-01
9.917142857142856593e-01
9.918571428571428816e-01
9.918571428571428816e-01
9.922857142857143264e-01
9.919999999999999929e-01
9.917142857142856593e-01
9.918571428571428816e-01
9.918571428571428816e-01
9.921428571428571042e-01
9.921428571428571042e-01
9.918571428571428816e-01
9.924285714285714377e-01
9.925714285714285490e-01
9.924285714285714377e-01
9.921428571428571042e-01
9.921428571428571042e-01
9.922857142857143264e-01
9.925714285714285490e-01
9.922857142857143264e-01
9.922857142857143264e-01
9.928571428571428825e-01
9.924285714285714377e-01
9.924285714285714377e-01
9.924285714285714377e-01
9.927142857142856602e-01
9.931428571428571050e-01
9.924285714285714377e-01
9.924285714285714377e-01
9.929999999999999938e-01
9.928571428571428825e-01
9.931428571428571050e-01
9.927142857142856602e-01
9.931428571428571050e-01
9.929999999999999938e-01
9.934285714285714386e-01
9.924285714285714377e-01
9.928571428571428825e-01
9.934285714285714386e-01
9.925714285714285490e-01
9.927142857142856602e-01
9.937142857142856611e-01
9.937142857142856611e-01
9.932857142857143273e-01
9.937142857142856611e-01
9.932857142857143273e-01
9.935714285714285499e-01
9.935714285714285499e-01
9.934285714285714386e-01
9.935714285714285499e-01
9.935714285714285499e-01
9.934285714285714386e-01
9.935714285714285499e-01
9.939999999999999947e-01
9.941428571428571059e-01
9.939999999999999947e-01
9.944285714285714395e-01
9.935714285714285499e-01
9.934285714285714386e-01
9.939999999999999947e-01
9.941428571428571059e-01
9.942857142857143282e-01
9.937142857142856611e-01
9.941428571428571059e-01
9.945714285714285507e-01
9.939999999999999947e-01
9.947142857142856620e-01
9.944285714285714395e-01
9.941428571428571059e-01
9.947142857142856620e-01
9.942857142857143282e-01
9.947142857142856620e-01
9.949999999999999956e-01
9.942857142857143282e-01
9.951428571428571068e-01
9.947142857142856620e-01
9.945714285714285507e-01
9.947142857142856620e-01
9.948571428571428843e-01
9.951428571428571068e-01
9.945714285714285507e-01
9.949999999999999956e-01
9.941428571428571059e-01
9.951428571428571068e-01
9.951428571428571068e-01
9.947142857142856620e-01
9.949999999999999956e-01
9.951428571428571068e-01
9.951428571428571068e-01
9.952857142857143291e-01
9.952857142857143291e-01
9.952857142857143291e-01
9.952857142857143291e-01
9.954285714285714404e-01
9.949999999999999956e-01
9.954285714285714404e-01
9.948571428571428843e-01
9.955714285714285516e-01
9.952857142857143291e-01
9.954285714285714404e-01
9.955714285714285516e-01
9.955714285714285516e-01
9.957142857142856629e-01
9.954285714285714404e-01
9.952857142857143291e-01
9.955714285714285516e-01
9.957142857142856629e-01
9.954285714285714404e-01
9.957142857142856629e-01
9.958571428571428852e-01
9.957142857142856629e-01
9.959999999999999964e-01
9.958571428571428852e-01
9.959999999999999964e-01
9.959999999999999964e-01
9.955714285714285516e-01
9.958571428571428852e-01
9.958571428571428852e-01
9.958571428571428852e-01
9.958571428571428852e-01
9.959999999999999964e-01
9.957142857142856629e-01
9.958571428571428852e-01
9.959999999999999964e-01
9.961428571428571077e-01
9.957142857142856629e-01
9.961428571428571077e-01
9.962857142857143300e-01
9.962857142857143300e-01
9.958571428571428852e-01
9.959999999999999964e-01
9.962857142857143300e-01
9.961428571428571077e-01
9.962857142857143300e-01
9.959999999999999964e-01
9.962857142857143300e-01
9.962857142857143300e-01
9.962857142857143300e-01
9.962857142857143300e-01
9.962857142857143300e-01
9.964285714285714413e-01
9.962857142857143300e-01
9.961428571428571077e-01
9.962857142857143300e-01
9.962857142857143300e-01
9.961428571428571077e-01
9.961428571428571077e-01
9.964285714285714413e-01
9.964285714285714413e-01
9.961428571428571077e-01
9.961428571428571077e-01
9.962857142857143300e-01
9.962857142857143300e-01
9.962857142857143300e-01
9.964285714285714413e-01
9.964285714285714413e-01
9.965714285714285525e-01
9.962857142857143300e-01
9.962857142857143300e-01
9.964285714285714413e-01
9.965714285714285525e-01
9.967142857142856638e-01
9.964285714285714413e-01
9.964285714285714413e-01
9.964285714285714413e-01
9.962857142857143300e-01
9.964285714285714413e-01
9.965714285714285525e-01
9.965714285714285525e-01
9.964285714285714413e-01
9.965714285714285525e-01
9.965714285714285525e-01
9.962857142857143300e-01
9.965714285714285525e-01
9.965714285714285525e-01
9.967142857142856638e-01
9.967142857142856638e-01
9.964285714285714413e-01
9.965714285714285525e-01
9.965714285714285525e-01
9.967142857142856638e-01
9.965714285714285525e-01
9.965714285714285525e-01
9.967142857142856638e-01
9.967142857142856638e-01
9.965714285714285525e-01
9.967142857142856638e-01
9.967142857142856638e-01
9.965714285714285525e-01
9.967142857142856638e-01
9.967142857142856638e-01
9.967142857142856638e-01
9.967142857142856638e-01
9.968571428571428861e-01
9.967142857142856638e-01
9.971428571428571086e-01
9.968571428571428861e-01
9.968571428571428861e-01
9.968571428571428861e-01
9.967142857142856638e-01
9.968571428571428861e-01
9.968571428571428861e-01
9.968571428571428861e-01
9.969999999999999973e-01
9.969999999999999973e-01
9.968571428571428861e-01
9.967142857142856638e-01
9.969999999999999973e-01
9.969999999999999973e-01
9.968571428571428861e-01
9.968571428571428861e-01
9.971428571428571086e-01
9.968571428571428861e-01
9.968571428571428861e-01
9.968571428571428861e-01
9.967142857142856638e-01
9.971428571428571086e-01
9.971428571428571086e-01
9.971428571428571086e-01
9.972857142857143309e-01
9.969999999999999973e-01
9.974285714285714421e-01
9.971428571428571086e-01
9.972857142857143309e-01
9.972857142857143309e-01
9.974285714285714421e-01
9.969999999999999973e-01
9.971428571428571086e-01
9.972857142857143309e-01
9.974285714285714421e-01
9.971428571428571086e-01
9.971428571428571086e-01
9.974285714285714421e-01
9.972857142857143309e-01
9.972857142857143309e-01
9.974285714285714421e-01
9.974285714285714421e-01
9.972857142857143309e-01
9.974285714285714421e-01
9.972857142857143309e-01
9.974285714285714421e-01
9.972857142857143309e-01
9.974285714285714421e-01
9.974285714285714421e-01
9.971428571428571086e-01
9.974285714285714421e-01
9.972857142857143309e-01
9.972857142857143309e-01
9.974285714285714421e-01
9.974285714285714421e-01
9.975714285714285534e-01
9.974285714285714421e-01
9.975714285714285534e-01
9.972857142857143309e-01
9.974285714285714421e-01
9.974285714285714421e-01
9.975714285714285534e-01
9.974285714285714421e-01
9.974285714285714421e-01
9.974285714285714421e-01
9.974285714285714421e-01
9.974285714285714421e-01
9.975714285714285534e-01
9.977142857142856647e-01
9.974285714285714421e-01
9.975714285714285534e-01
9.975714285714285534e-01
9.972857142857143309e-01
9.974285714285714421e-01
9.977142857142856647e-01
9.975714285714285534e-01
9.975714285714285534e-01
9.974285714285714421e-01
9.975714285714285534e-01
9.977142857142856647e-01
9.977142857142856647e-01
9.977142857142856647e-01
9.977142857142856647e-01
9.975714285714285534e-01
9.977142857142856647e-01
9.977142857142856647e-01
9.977142857142856647e-01
9.977142857142856647e-01
9.975714285714285534e-01
9.975714285714285534e-01
9.977142857142856647e-01
9.975714285714285534e-01
9.977142857142856647e-01
9.975714285714285534e-01
9.975714285714285534e-01
9.975714285714285534e-01
9.977142857142856647e-01
9.978571428571428870e-01
9.978571428571428870e-01
9.977142857142856647e-01
9.975714285714285534e-01
9.977142857142856647e-01
9.975714285714285534e-01
9.977142857142856647e-01
9.978571428571428870e-01
9.977142857142856647e-01
9.978571428571428870e-01
9.977142857142856647e-01
9.978571428571428870e-01
9.977142857142856647e-01
9.977142857142856647e-01
9.975714285714285534e-01
9.977142857142856647e-01
9.977142857142856647e-01
9.978571428571428870e-01
9.977142857142856647e-01
9.975714285714285534e-01
9.977142857142856647e-01
9.978571428571428870e-01
9.979999999999999982e-01
9.977142857142856647e-01
9.978571428571428870e-01
9.978571428571428870e-01
9.978571428571428870e-01
9.981428571428571095e-01
9.981428571428571095e-01
9.981428571428571095e-01
9.979999999999999982e-01
9.981428571428571095e-01
9.979999999999999982e-01
9.982857142857143318e-01
9.982857142857143318e-01
9.981428571428571095e-01
9.981428571428571095e-01
9.978571428571428870e-01
9.979999999999999982e-01
9.979999999999999982e-01
9.982857142857143318e-01
9.979999999999999982e-01
9.984285714285714430e-01
9.979999999999999982e-01
9.982857142857143318e-01
9.981428571428571095e-01
9.984285714285714430e-01
9.982857142857143318e-01
9.984285714285714430e-01
9.981428571428571095e-01
9.982857142857143318e-01
9.981428571428571095e-01
9.984285714285714430e-01
9.984285714285714430e-01
9.982857142857143318e-01
9.982857142857143318e-01
9.982857142857143318e-01
9.982857142857143318e-01
9.984285714285714430e-01
9.981428571428571095e-01
9.984285714285714430e-01
9.982857142857143318e-01
9.982857142857143318e-01
9.984285714285714430e-01
9.984285714285714430e-01
9.984285714285714430e-01
9.982857142857143318e-01
9.984285714285714430e-01
9.984285714285714430e-01
9.982857142857143318e-01
9.981428571428571095e-01
9.982857142857143318e-01
9.984285714285714430e-01
9.984285714285714430e-01
9.984285714285714430e-01
9.984285714285714430e-01
9.982857142857143318e-01
9.984285714285714430e-01
9.984285714285714430e-01
9.984285714285714430e-01
9.985714285714285543e-01
9.982857142857143318e-01
9.984285714285714430e-01
9.984285714285714430e-01
9.984285714285714430e-01
9.982857142857143318e-01
9.985714285714285543e-01
9.985714285714285543e-01
9.985714285714285543e-01
9.982857142857143318e-01
9.987142857142856656e-01
9.984285714285714430e-01
9.985714285714285543e-01
9.985714285714285543e-01
9.985714285714285543e-01
9.985714285714285543e-01
9.985714285714285543e-01
9.987142857142856656e-01
9.984285714285714430e-01
9.985714285714285543e-01
9.985714285714285543e-01
9.987142857142856656e-01
9.985714285714285543e-01
9.985714285714285543e-01
9.987142857142856656e-01
9.985714285714285543e-01
9.985714285714285543e-01
9.985714285714285543e-01
9.985714285714285543e-01
9.987142857142856656e-01
9.985714285714285543e-01
9.987142857142856656e-01
9.987142857142856656e-01
9.985714285714285543e-01
9.984285714285714430e-01
9.985714285714285543e-01
9.985714285714285543e-01
9.987142857142856656e-01
9.987142857142856656e-01
9.987142857142856656e-01
9.987142857142856656e-01
9.987142857142856656e-01
9.985714285714285543e-01
9.985714285714285543e-01
9.985714285714285543e-01
9.985714285714285543e-01
9.987142857142856656e-01
9.987142857142856656e-01
9.987142857142856656e-01
9.987142857142856656e-01
9.987142857142856656e-01
9.987142857142856656e-01
9.987142857142856656e-01
9.987142857142856656e-01
9.987142857142856656e-01
9.985714285714285543e-01
9.987142857142856656e-01
9.987142857142856656e-01
9.987142857142856656e-01
9.985714285714285543e-01
9.987142857142856656e-01
9.987142857142856656e-01
9.987142857142856656e-01
9.987142857142856656e-01
9.987142857142856656e-01
9.987142857142856656e-01
9.987142857142856656e-01
9.987142857142856656e-01
9.987142857142856656e-01
9.987142857142856656e-01
9.987142857142856656e-01
9.987142857142856656e-01
9.987142857142856656e-01
9.987142857142856656e-01
9.987142857142856656e-01
9.987142857142856656e-01
9.987142857142856656e-01
9.987142857142856656e-01
9.987142857142856656e-01
9.987142857142856656e-01
9.987142857142856656e-01
9.987142857142856656e-01
9.987142857142856656e-01
9.987142857142856656e-01
9.987142857142856656e-01
9.987142857142856656e-01
9.987142857142856656e-01
9.987142857142856656e-01
9.987142857142856656e-01
9.987142857142856656e-01
9.987142857142856656e-01
9.987142857142856656e-01
9.987142857142856656e-01
9.988571428571428878e-01
9.987142857142856656e-01
9.987142857142856656e-01
9.987142857142856656e-01
9.987142857142856656e-01
9.987142857142856656e-01
9.987142857142856656e-01
9.988571428571428878e-01
9.987142857142856656e-01
9.987142857142856656e-01
9.989999999999999991e-01
9.988571428571428878e-01
9.987142857142856656e-01
9.987142857142856656e-01
9.987142857142856656e-01
9.988571428571428878e-01
9.987142857142856656e-01
9.988571428571428878e-01
9.988571428571428878e-01
9.987142857142856656e-01
9.989999999999999991e-01
9.988571428571428878e-01
9.987142857142856656e-01
9.987142857142856656e-01
9.988571428571428878e-01
9.989999999999999991e-01
9.987142857142856656e-01
9.987142857142856656e-01
9.989999999999999991e-01
9.988571428571428878e-01
9.988571428571428878e-01
9.988571428571428878e-01
9.991428571428571104e-01
9.989999999999999991e-01
9.988571428571428878e-01
9.991428571428571104e-01
9.989999999999999991e-01
9.991428571428571104e-01
9.988571428571428878e-01
9.991428571428571104e-01
9.991428571428571104e-01
9.991428571428571104e-01
9.991428571428571104e-01
9.988571428571428878e-01
9.989999999999999991e-01
9.988571428571428878e-01
9.991428571428571104e-01
9.992857142857143327e-01
9.989999999999999991e-01
9.991428571428571104e-01
9.989999999999999991e-01
9.991428571428571104e-01
9.989999999999999991e-01
9.992857142857143327e-01
9.992857142857143327e-01
9.991428571428571104e-01
9.989999999999999991e-01
9.989999999999999991e-01
9.991428571428571104e-01
9.989999999999999991e-01
9.991428571428571104e-01
9.991428571428571104e-01
9.991428571428571104e-01
9.991428571428571104e-01
9.992857142857143327e-01
9.992857142857143327e-01
9.991428571428571104e-01
9.991428571428571104e-01
9.991428571428571104e-01
9.991428571428571104e-01
9.991428571428571104e-01
9.991428571428571104e-01
9.992857142857143327e-01
9.992857142857143327e-01
9.991428571428571104e-01
9.992857142857143327e-01
9.992857142857143327e-01
9.992857142857143327e-01
9.992857142857143327e-01
9.991428571428571104e-01
9.992857142857143327e-01
9.991428571428571104e-01
9.991428571428571104e-01
9.992857142857143327e-01
9.992857142857143327e-01
9.991428571428571104e-01
9.991428571428571104e-01
9.992857142857143327e-01
9.992857142857143327e-01
9.991428571428571104e-01
9.992857142857143327e-01
9.992857142857143327e-01
9.989999999999999991e-01
9.992857142857143327e-01
9.992857142857143327e-01
9.989999999999999991e-01
9.992857142857143327e-01
9.991428571428571104e-01
9.992857142857143327e-01
9.991428571428571104e-01
9.991428571428571104e-01
9.992857142857143327e-01
9.992857142857143327e-01
9.991428571428571104e-01
9.992857142857143327e-01
9.992857142857143327e-01
9.992857142857143327e-01
9.992857142857143327e-01
9.992857142857143327e-01
9.992857142857143327e-01
9.992857142857143327e-01
9.992857142857143327e-01
9.992857142857143327e-01
9.992857142857143327e-01
9.992857142857143327e-01
9.992857142857143327e-01
9.992857142857143327e-01
9.992857142857143327e-01
9.992857142857143327e-01
9.992857142857143327e-01
9.991428571428571104e-01
9.992857142857143327e-01
9.992857142857143327e-01
9.992857142857143327e-01
9.992857142857143327e-01
9.992857142857143327e-01
9.992857142857143327e-01
9.992857142857143327e-01
9.992857142857143327e-01
9.992857142857143327e-01
9.992857142857143327e-01
9.992857142857143327e-01
9.992857142857143327e-01
9.992857142857143327e-01
9.992857142857143327e-01
9.992857142857143327e-01
9.992857142857143327e-01
9.992857142857143327e-01
9.992857142857143327e-01
9.992857142857143327e-01
9.992857142857143327e-01
9.992857142857143327e-01
9.992857142857143327e-01
9.992857142857143327e-01
9.992857142857143327e-01
9.991428571428571104e-01
9.992857142857143327e-01
9.992857142857143327e-01
9.992857142857143327e-01
9.992857142857143327e-01
9.992857142857143327e-01
9.992857142857143327e-01
9.992857142857143327e-01
9.992857142857143327e-01
9.992857142857143327e-01
9.992857142857143327e-01
9.992857142857143327e-01
9.992857142857143327e-01
9.992857142857143327e-01
9.992857142857143327e-01
9.992857142857143327e-01
9.992857142857143327e-01
9.992857142857143327e-01
9.992857142857143327e-01
9.992857142857143327e-01
9.992857142857143327e-01
9.992857142857143327e-01
9.992857142857143327e-01
9.992857142857143327e-01
9.992857142857143327e-01
9.992857142857143327e-01
9.992857142857143327e-01
9.992857142857143327e-01
9.992857142857143327e-01
9.992857142857143327e-01
9.992857142857143327e-01
9.992857142857143327e-01
9.992857142857143327e-01
9.992857142857143327e-01
9.992857142857143327e-01
9.992857142857143327e-01
9.992857142857143327e-01
9.992857142857143327e-01
9.992857142857143327e-01
9.992857142857143327e-01
9.992857142857143327e-01
9.992857142857143327e-01
9.992857142857143327e-01
9.992857142857143327e-01
9.992857142857143327e-01
9.992857142857143327e-01
9.992857142857143327e-01
9.992857142857143327e-01
9.992857142857143327e-01
9.992857142857143327e-01
9.992857142857143327e-01
9.992857142857143327e-01
9.992857142857143327e-01
9.992857142857143327e-01
9.992857142857143327e-01
9.992857142857143327e-01
9.992857142857143327e-01
9.992857142857143327e-01
9.992857142857143327e-01
9.992857142857143327e-01
9.992857142857143327e-01
9.992857142857143327e-01
9.992857142857143327e-01
9.992857142857143327e-01
9.992857142857143327e-01
9.992857142857143327e-01
9.992857142857143327e-01
9.992857142857143327e-01
9.992857142857143327e-01
9.992857142857143327e-01
9.992857142857143327e-01
9.992857142857143327e-01
9.992857142857143327e-01
9.992857142857143327e-01
9.992857142857143327e-01
9.992857142857143327e-01
9.992857142857143327e-01
9.992857142857143327e-01
9.992857142857143327e-01
9.992857142857143327e-01
9.992857142857143327e-01
9.992857142857143327e-01
9.992857142857143327e-01
9.992857142857143327e-01
9.992857142857143327e-01
9.992857142857143327e-01
9.992857142857143327e-01
9.992857142857143327e-01
9.992857142857143327e-01
9.992857142857143327e-01
9.992857142857143327e-01
9.992857142857143327e-01
9.992857142857143327e-01
9.992857142857143327e-01
9.992857142857143327e-01
9.992857142857143327e-01
9.992857142857143327e-01
9.992857142857143327e-01
9.992857142857143327e-01
9.992857142857143327e-01
9.992857142857143327e-01
9.992857142857143327e-01
9.992857142857143327e-01
9.992857142857143327e-01
9.992857142857143327e-01
9.992857142857143327e-01
9.992857142857143327e-01
9.992857142857143327e-01
9.992857142857143327e-01
9.992857142857143327e-01
9.992857142857143327e-01
9.992857142857143327e-01
9.992857142857143327e-01
9.992857142857143327e-01
9.992857142857143327e-01
9.992857142857143327e-01
9.992857142857143327e-01
9.992857142857143327e-01
9.992857142857143327e-01
9.992857142857143327e-01
9.992857142857143327e-01
9.992857142857143327e-01
9.992857142857143327e-01
9.992857142857143327e-01
9.992857142857143327e-01
9.992857142857143327e-01
9.992857142857143327e-01
9.992857142857143327e-01
9.992857142857143327e-01
9.992857142857143327e-01
9.992857142857143327e-01
9.992857142857143327e-01
9.992857142857143327e-01
9.992857142857143327e-01
9.992857142857143327e-01
9.992857142857143327e-01
9.992857142857143327e-01
9.992857142857143327e-01
9.994285714285714439e-01
9.992857142857143327e-01
9.992857142857143327e-01
9.992857142857143327e-01
9.992857142857143327e-01
9.992857142857143327e-01
9.992857142857143327e-01
9.992857142857143327e-01
9.992857142857143327e-01
9.994285714285714439e-01
9.992857142857143327e-01
9.994285714285714439e-01
9.992857142857143327e-01
9.994285714285714439e-01
9.992857142857143327e-01
9.994285714285714439e-01
9.992857142857143327e-01
9.992857142857143327e-01
9.992857142857143327e-01
9.992857142857143327e-01
9.992857142857143327e-01
9.994285714285714439e-01
9.992857142857143327e-01
9.992857142857143327e-01
9.992857142857143327e-01
9.994285714285714439e-01
9.994285714285714439e-01
9.994285714285714439e-01
9.992857142857143327e-01
9.994285714285714439e-01
9.992857142857143327e-01
9.992857142857143327e-01
9.994285714285714439e-01
9.992857142857143327e-01
9.994285714285714439e-01
9.994285714285714439e-01
9.994285714285714439e-01
9.994285714285714439e-01
9.992857142857143327e-01
9.994285714285714439e-01
9.992857142857143327e-01
9.994285714285714439e-01
9.994285714285714439e-01
9.992857142857143327e-01
9.992857142857143327e-01
9.994285714285714439e-01
9.994285714285714439e-01
9.994285714285714439e-01
9.994285714285714439e-01
9.992857142857143327e-01
9.994285714285714439e-01
9.994285714285714439e-01
9.994285714285714439e-01
9.994285714285714439e-01
9.994285714285714439e-01
9.994285714285714439e-01
9.994285714285714439e-01
9.992857142857143327e-01
9.994285714285714439e-01
9.994285714285714439e-01
9.994285714285714439e-01
9.994285714285714439e-01
9.992857142857143327e-01
9.994285714285714439e-01
9.994285714285714439e-01
9.994285714285714439e-01
9.994285714285714439e-01
9.994285714285714439e-01
9.994285714285714439e-01
9.994285714285714439e-01
9.994285714285714439e-01
9.994285714285714439e-01
9.994285714285714439e-01
9.994285714285714439e-01
9.994285714285714439e-01
9.994285714285714439e-01
9.994285714285714439e-01
9.994285714285714439e-01
9.994285714285714439e-01
9.994285714285714439e-01
9.994285714285714439e-01
9.994285714285714439e-01
9.994285714285714439e-01
9.994285714285714439e-01
9.994285714285714439e-01
9.994285714285714439e-01
9.994285714285714439e-01
9.994285714285714439e-01
9.994285714285714439e-01
9.994285714285714439e-01
9.994285714285714439e-01
9.994285714285714439e-01
9.994285714285714439e-01
9.994285714285714439e-01
9.994285714285714439e-01
9.994285714285714439e-01
9.994285714285714439e-01
9.994285714285714439e-01
9.994285714285714439e-01
9.994285714285714439e-01
9.994285714285714439e-01
9.994285714285714439e-01
9.994285714285714439e-01
9.994285714285714439e-01
9.994285714285714439e-01
9.994285714285714439e-01
9.994285714285714439e-01
9.994285714285714439e-01
9.994285714285714439e-01
9.994285714285714439e-01
9.994285714285714439e-01
9.994285714285714439e-01
9.994285714285714439e-01
9.994285714285714439e-01
9.994285714285714439e-01
9.994285714285714439e-01
9.994285714285714439e-01
9.994285714285714439e-01
9.994285714285714439e-01
9.994285714285714439e-01
9.994285714285714439e-01
9.994285714285714439e-01
9.994285714285714439e-01
9.994285714285714439e-01
9.994285714285714439e-01
9.994285714285714439e-01
9.994285714285714439e-01
9.994285714285714439e-01
9.994285714285714439e-01
9.994285714285714439e-01
9.994285714285714439e-01
9.994285714285714439e-01
9.994285714285714439e-01
9.994285714285714439e-01
9.994285714285714439e-01
9.994285714285714439e-01
9.994285714285714439e-01
9.994285714285714439e-01
9.994285714285714439e-01
9.994285714285714439e-01
9.994285714285714439e-01
9.994285714285714439e-01
9.994285714285714439e-01
9.994285714285714439e-01
9.994285714285714439e-01
9.994285714285714439e-01
9.994285714285714439e-01
9.994285714285714439e-01
9.994285714285714439e-01
9.994285714285714439e-01
9.994285714285714439e-01
9.994285714285714439e-01
9.994285714285714439e-01
9.994285714285714439e-01
9.994285714285714439e-01
9.994285714285714439e-01
9.994285714285714439e-01
9.994285714285714439e-01
9.994285714285714439e-01
9.994285714285714439e-01
9.994285714285714439e-01
9.994285714285714439e-01
9.994285714285714439e-01
9.994285714285714439e-01
9.994285714285714439e-01
9.994285714285714439e-01
9.994285714285714439e-01
9.994285714285714439e-01
9.994285714285714439e-01
9.994285714285714439e-01
9.994285714285714439e-01
9.994285714285714439e-01
9.994285714285714439e-01
9.994285714285714439e-01
9.994285714285714439e-01
9.994285714285714439e-01
9.994285714285714439e-01
9.994285714285714439e-01
9.994285714285714439e-01
9.994285714285714439e-01
9.994285714285714439e-01
9.994285714285714439e-01
9.994285714285714439e-01
9.994285714285714439e-01
9.994285714285714439e-01
9.994285714285714439e-01
9.994285714285714439e-01
9.994285714285714439e-01
9.994285714285714439e-01
9.994285714285714439e-01
9.994285714285714439e-01
9.994285714285714439e-01
9.994285714285714439e-01
9.994285714285714439e-01
9.994285714285714439e-01
9.994285714285714439e-01
9.994285714285714439e-01
9.994285714285714439e-01
9.994285714285714439e-01
9.994285714285714439e-01
9.994285714285714439e-01
9.994285714285714439e-01
9.994285714285714439e-01
9.994285714285714439e-01
9.994285714285714439e-01
9.994285714285714439e-01
9.994285714285714439e-01
9.994285714285714439e-01
9.994285714285714439e-01
9.994285714285714439e-01
9.994285714285714439e-01
9.994285714285714439e-01
9.994285714285714439e-01
9.994285714285714439e-01
9.994285714285714439e-01
9.994285714285714439e-01
9.994285714285714439e-01
9.994285714285714439e-01
9.994285714285714439e-01
9.994285714285714439e-01
9.995714285714285552e-01
9.994285714285714439e-01
9.994285714285714439e-01
9.994285714285714439e-01
9.994285714285714439e-01
9.995714285714285552e-01
9.994285714285714439e-01
9.995714285714285552e-01
9.994285714285714439e-01
9.995714285714285552e-01
9.994285714285714439e-01
9.994285714285714439e-01
9.995714285714285552e-01
9.994285714285714439e-01
9.995714285714285552e-01
9.995714285714285552e-01
9.995714285714285552e-01
9.995714285714285552e-01
9.994285714285714439e-01
9.995714285714285552e-01
9.995714285714285552e-01
9.995714285714285552e-01
9.994285714285714439e-01
9.995714285714285552e-01
9.994285714285714439e-01
9.994285714285714439e-01
9.995714285714285552e-01
9.994285714285714439e-01
9.995714285714285552e-01
9.997142857142856665e-01
9.995714285714285552e-01
9.995714285714285552e-01
9.995714285714285552e-01
9.995714285714285552e-01
9.995714285714285552e-01
9.995714285714285552e-01
9.995714285714285552e-01
9.997142857142856665e-01
9.995714285714285552e-01
9.995714285714285552e-01
9.995714285714285552e-01
9.995714285714285552e-01
9.995714285714285552e-01
9.995714285714285552e-01
9.998571428571428887e-01
9.997142857142856665e-01
9.995714285714285552e-01
9.997142857142856665e-01
9.995714285714285552e-01
9.997142857142856665e-01
9.995714285714285552e-01
9.995714285714285552e-01
9.997142857142856665e-01
9.998571428571428887e-01
9.995714285714285552e-01
9.998571428571428887e-01
9.995714285714285552e-01
9.997142857142856665e-01
9.997142857142856665e-01
9.995714285714285552e-01
9.997142857142856665e-01
9.998571428571428887e-01
9.997142857142856665e-01
9.998571428571428887e-01
9.998571428571428887e-01
9.998571428571428887e-01
9.998571428571428887e-01
9.995714285714285552e-01
1.000000000000000000e+00
1.000000000000000000e+00
9.998571428571428887e-01
1.000000000000000000e+00
9.998571428571428887e-01
9.998571428571428887e-01
1.000000000000000000e+00
9.998571428571428887e-01
1.000000000000000000e+00
9.998571428571428887e-01
9.998571428571428887e-01
9.997142857142856665e-01
9.998571428571428887e-01
9.998571428571428887e-01
1.000000000000000000e+00
9.998571428571428887e-01
9.997142857142856665e-01
9.998571428571428887e-01
9.998571428571428887e-01
9.997142857142856665e-01
9.998571428571428887e-01
9.998571428571428887e-01
9.998571428571428887e-01
9.998571428571428887e-01
1.000000000000000000e+00
1.000000000000000000e+00
9.998571428571428887e-01
1.000000000000000000e+00
1.000000000000000000e+00
1.000000000000000000e+00
1.000000000000000000e+00
9.998571428571428887e-01
1.000000000000000000e+00
9.998571428571428887e-01
1.000000000000000000e+00
1.000000000000000000e+00
9.998571428571428887e-01
1.000000000000000000e+00
9.998571428571428887e-01
1.000000000000000000e+00
1.000000000000000000e+00
1.000000000000000000e+00
9.998571428571428887e-01
1.000000000000000000e+00
9.998571428571428887e-01
1.000000000000000000e+00
1.000000000000000000e+00
1.000000000000000000e+00
1.000000000000000000e+00
9.998571428571428887e-01
1.000000000000000000e+00
1.000000000000000000e+00
9.998571428571428887e-01
1.000000000000000000e+00
1.000000000000000000e+00
9.998571428571428887e-01
1.000000000000000000e+00
1.000000000000000000e+00
9.998571428571428887e-01
1.000000000000000000e+00
1.000000000000000000e+00
9.998571428571428887e-01
1.000000000000000000e+00
9.998571428571428887e-01
1.000000000000000000e+00
1.000000000000000000e+00
1.000000000000000000e+00
1.000000000000000000e+00
1.000000000000000000e+00
1.000000000000000000e+00
1.000000000000000000e+00
9.998571428571428887e-01
1.000000000000000000e+00
1.000000000000000000e+00
1.000000000000000000e+00
1.000000000000000000e+00
9.998571428571428887e-01
1.000000000000000000e+00
1.000000000000000000e+00
1.000000000000000000e+00
1.000000000000000000e+00
9.998571428571428887e-01
9.998571428571428887e-01
1.000000000000000000e+00
1.000000000000000000e+00
1.000000000000000000e+00
1.000000000000000000e+00
1.000000000000000000e+00
1.000000000000000000e+00
1.000000000000000000e+00
1.000000000000000000e+00
1.000000000000000000e+00
1.000000000000000000e+00
1.000000000000000000e+00
1.000000000000000000e+00
1.000000000000000000e+00
1.000000000000000000e+00
1.000000000000000000e+00
1.000000000000000000e+00
1.000000000000000000e+00
1.000000000000000000e+00
1.000000000000000000e+00
1.000000000000000000e+00
1.000000000000000000e+00
1.000000000000000000e+00
1.000000000000000000e+00
1.000000000000000000e+00
1.000000000000000000e+00
1.000000000000000000e+00
1.000000000000000000e+00
1.000000000000000000e+00
1.000000000000000000e+00
1.000000000000000000e+00
1.000000000000000000e+00
1.000000000000000000e+00
1.000000000000000000e+00
1.000000000000000000e+00
1.000000000000000000e+00
1.000000000000000000e+00
1.000000000000000000e+00
1.000000000000000000e+00
1.000000000000000000e+00
1.000000000000000000e+00
1.000000000000000000e+00
1.000000000000000000e+00
1.000000000000000000e+00
1.000000000000000000e+00
1.000000000000000000e+00
1.000000000000000000e+00
1.000000000000000000e+00
1.000000000000000000e+00
1.000000000000000000e+00
1.000000000000000000e+00
1.000000000000000000e+00
1.000000000000000000e+00
1.000000000000000000e+00
1.000000000000000000e+00
1.000000000000000000e+00
1.000000000000000000e+00
1.000000000000000000e+00
1.000000000000000000e+00
1.000000000000000000e+00
1.000000000000000000e+00
1.000000000000000000e+00
1.000000000000000000e+00
1.000000000000000000e+00
1.000000000000000000e+00
1.000000000000000000e+00
1.000000000000000000e+00
1.000000000000000000e+00
1.000000000000000000e+00
1.000000000000000000e+00
1.000000000000000000e+00
1.000000000000000000e+00
1.000000000000000000e+00
1.000000000000000000e+00
1.000000000000000000e+00
1.000000000000000000e+00
1.000000000000000000e+00
1.000000000000000000e+00
1.000000000000000000e+00
1.000000000000000000e+00
1.000000000000000000e+00
1.000000000000000000e+00
1.000000000000000000e+00
1.000000000000000000e+00
1.000000000000000000e+00
1.000000000000000000e+00
1.000000000000000000e+00
1.000000000000000000e+00
1.000000000000000000e+00
1.000000000000000000e+00
1.000000000000000000e+00
1.000000000000000000e+00
1.000000000000000000e+00
1.000000000000000000e+00
1.000000000000000000e+00
1.000000000000000000e+00
1.000000000000000000e+00
1.000000000000000000e+00
1.000000000000000000e+00
1.000000000000000000e+00
1.000000000000000000e+00
1.000000000000000000e+00
1.000000000000000000e+00
1.000000000000000000e+00
1.000000000000000000e+00
1.000000000000000000e+00
1.000000000000000000e+00
1.000000000000000000e+00
1.000000000000000000e+00
1.000000000000000000e+00
1.000000000000000000e+00
1.000000000000000000e+00
1.000000000000000000e+00
1.000000000000000000e+00
1.000000000000000000e+00
1.000000000000000000e+00
1.000000000000000000e+00
1.000000000000000000e+00
1.000000000000000000e+00
1.000000000000000000e+00
1.000000000000000000e+00
1.000000000000000000e+00
1.000000000000000000e+00
1.000000000000000000e+00
1.000000000000000000e+00
1.000000000000000000e+00
1.000000000000000000e+00
1.000000000000000000e+00
1.000000000000000000e+00
1.000000000000000000e+00
1.000000000000000000e+00
1.000000000000000000e+00
1.000000000000000000e+00
1.000000000000000000e+00
1.000000000000000000e+00
1.000000000000000000e+00
1.000000000000000000e+00
1.000000000000000000e+00
1.000000000000000000e+00
1.000000000000000000e+00
1.000000000000000000e+00
1.000000000000000000e+00
1.000000000000000000e+00
1.000000000000000000e+00
1.000000000000000000e+00
1.000000000000000000e+00
1.000000000000000000e+00
1.000000000000000000e+00
1.000000000000000000e+00
1.000000000000000000e+00
1.000000000000000000e+00
1.000000000000000000e+00
1.000000000000000000e+00
1.000000000000000000e+00
1.000000000000000000e+00
1.000000000000000000e+00
1.000000000000000000e+00
1.000000000000000000e+00
1.000000000000000000e+00
1.000000000000000000e+00
1.000000000000000000e+00
1.000000000000000000e+00
1.000000000000000000e+00
1.000000000000000000e+00
1.000000000000000000e+00
1.000000000000000000e+00
1.000000000000000000e+00
1.000000000000000000e+00
1.000000000000000000e+00
1.000000000000000000e+00
1.000000000000000000e+00
1.000000000000000000e+00
1.000000000000000000e+00
1.000000000000000000e+00
1.000000000000000000e+00
1.000000000000000000e+00
1.000000000000000000e+00
1.000000000000000000e+00
1.000000000000000000e+00
1.000000000000000000e+00
1.000000000000000000e+00
1.000000000000000000e+00
1.000000000000000000e+00
1.000000000000000000e+00
1.000000000000000000e+00
1.000000000000000000e+00
1.000000000000000000e+00
1.000000000000000000e+00
1.000000000000000000e+00
1.000000000000000000e+00
1.000000000000000000e+00
1.000000000000000000e+00
1.000000000000000000e+00
1.000000000000000000e+00
1.000000000000000000e+00
1.000000000000000000e+00
1.000000000000000000e+00
1.000000000000000000e+00
1.000000000000000000e+00
1.000000000000000000e+00
1.000000000000000000e+00
1.000000000000000000e+00
1.000000000000000000e+00
1.000000000000000000e+00
1.000000000000000000e+00
1.000000000000000000e+00
1.000000000000000000e+00
1.000000000000000000e+00
1.000000000000000000e+00
1.000000000000000000e+00
1.000000000000000000e+00
1.000000000000000000e+00
1.000000000000000000e+00
1.000000000000000000e+00
1.000000000000000000e+00
1.000000000000000000e+00
1.000000000000000000e+00
1.000000000000000000e+00
1.000000000000000000e+00
1.000000000000000000e+00
1.000000000000000000e+00
1.000000000000000000e+00
1.000000000000000000e+00
1.000000000000000000e+00
1.000000000000000000e+00
1.000000000000000000e+00
1.000000000000000000e+00
1.000000000000000000e+00
1.000000000000000000e+00
1.000000000000000000e+00
1.000000000000000000e+00
1.000000000000000000e+00
1.000000000000000000e+00
1.000000000000000000e+00
1.000000000000000000e+00
1.000000000000000000e+00
1.000000000000000000e+00
1.000000000000000000e+00
1.000000000000000000e+00
1.000000000000000000e+00
1.000000000000000000e+00
1.000000000000000000e+00
1.000000000000000000e+00
1.000000000000000000e+00
1.000000000000000000e+00
1.000000000000000000e+00
1.000000000000000000e+00
1.000000000000000000e+00
1.000000000000000000e+00
1.000000000000000000e+00
1.000000000000000000e+00
1.000000000000000000e+00
1.000000000000000000e+00
1.000000000000000000e+00
1.000000000000000000e+00
1.000000000000000000e+00
1.000000000000000000e+00
1.000000000000000000e+00
1.000000000000000000e+00
1.000000000000000000e+00
1.000000000000000000e+00
1.000000000000000000e+00
1.000000000000000000e+00
1.000000000000000000e+00
1.000000000000000000e+00
1.000000000000000000e+00
1.000000000000000000e+00
1.000000000000000000e+00
1.000000000000000000e+00
1.000000000000000000e+00
1.000000000000000000e+00
1.000000000000000000e+00
1.000000000000000000e+00
1.000000000000000000e+00
1.000000000000000000e+00
1.000000000000000000e+00
1.000000000000000000e+00
1.000000000000000000e+00
1.000000000000000000e+00
1.000000000000000000e+00
1.000000000000000000e+00
1.000000000000000000e+00
1.000000000000000000e+00
1.000000000000000000e+00
1.000000000000000000e+00
1.000000000000000000e+00
1.000000000000000000e+00
1.000000000000000000e+00
1.000000000000000000e+00
1.000000000000000000e+00
1.000000000000000000e+00
1.000000000000000000e+00
1.000000000000000000e+00
1.000000000000000000e+00
1.000000000000000000e+00
1.000000000000000000e+00
1.000000000000000000e+00
1.000000000000000000e+00
1.000000000000000000e+00
1.000000000000000000e+00
1.000000000000000000e+00
1.000000000000000000e+00
1.000000000000000000e+00
1.000000000000000000e+00
1.000000000000000000e+00
1.000000000000000000e+00
1.000000000000000000e+00
1.000000000000000000e+00
1.000000000000000000e+00
1.000000000000000000e+00
1.000000000000000000e+00
1.000000000000000000e+00
1.000000000000000000e+00
1.000000000000000000e+00
1.000000000000000000e+00
1.000000000000000000e+00
1.000000000000000000e+00
1.000000000000000000e+00
1.000000000000000000e+00
1.000000000000000000e+00
1.000000000000000000e+00
1.000000000000000000e+00
1.000000000000000000e+00
1.000000000000000000e+00
1.000000000000000000e+00
1.000000000000000000e+00
1.000000000000000000e+00
1.000000000000000000e+00
1.000000000000000000e+00
1.000000000000000000e+00
1.000000000000000000e+00
1.000000000000000000e+00
1.000000000000000000e+00
1.000000000000000000e+00
1.000000000000000000e+00
1.000000000000000000e+00
1.000000000000000000e+00
1.000000000000000000e+00
1.000000000000000000e+00
1.000000000000000000e+00
1.000000000000000000e+00
1.000000000000000000e+00
1.000000000000000000e+00
1.000000000000000000e+00
1.000000000000000000e+00
1.000000000000000000e+00
1.000000000000000000e+00
1.000000000000000000e+00
1.000000000000000000e+00
1.000000000000000000e+00
1.000000000000000000e+00
1.000000000000000000e+00
1.000000000000000000e+00
1.000000000000000000e+00
1.000000000000000000e+00
1.000000000000000000e+00
1.000000000000000000e+00
1.000000000000000000e+00
1.000000000000000000e+00
1.000000000000000000e+00
1.000000000000000000e+00
1.000000000000000000e+00
1.000000000000000000e+00
1.000000000000000000e+00
1.000000000000000000e+00
1.000000000000000000e+00
1.000000000000000000e+00
1.000000000000000000e+00
1.000000000000000000e+00
1.000000000000000000e+00
1.000000000000000000e+00
1.000000000000000000e+00
1.000000000000000000e+00
1.000000000000000000e+00
1.000000000000000000e+00
1.000000000000000000e+00
1.000000000000000000e+00
1.000000000000000000e+00
1.000000000000000000e+00
1.000000000000000000e+00
1.000000000000000000e+00
1.000000000000000000e+00
1.000000000000000000e+00
1.000000000000000000e+00
1.000000000000000000e+00
1.000000000000000000e+00
1.000000000000000000e+00
1.000000000000000000e+00
1.000000000000000000e+00
1.000000000000000000e+00
1.000000000000000000e+00
1.000000000000000000e+00
1.000000000000000000e+00
1.000000000000000000e+00
1.000000000000000000e+00
1.000000000000000000e+00
1.000000000000000000e+00
1.000000000000000000e+00
1.000000000000000000e+00
1.000000000000000000e+00
1.000000000000000000e+00
1.000000000000000000e+00
1.000000000000000000e+00
1.000000000000000000e+00
1.000000000000000000e+00
1.000000000000000000e+00
1.000000000000000000e+00
1.000000000000000000e+00
1.000000000000000000e+00
1.000000000000000000e+00
1.000000000000000000e+00
1.000000000000000000e+00
1.000000000000000000e+00
1.000000000000000000e+00
1.000000000000000000e+00
1.000000000000000000e+00
1.000000000000000000e+00
1.000000000000000000e+00
1.000000000000000000e+00
1.000000000000000000e+00
1.000000000000000000e+00
1.000000000000000000e+00
1.000000000000000000e+00
1.000000000000000000e+00
1.000000000000000000e+00
1.000000000000000000e+00
1.000000000000000000e+00
1.000000000000000000e+00
1.000000000000000000e+00
1.000000000000000000e+00
1.000000000000000000e+00
1.000000000000000000e+00
1.000000000000000000e+00
1.000000000000000000e+00
1.000000000000000000e+00
1.000000000000000000e+00
1.000000000000000000e+00
1.000000000000000000e+00
1.000000000000000000e+00
1.000000000000000000e+00
1.000000000000000000e+00
1.000000000000000000e+00
1.000000000000000000e+00
1.000000000000000000e+00
1.000000000000000000e+00
1.000000000000000000e+00
1.000000000000000000e+00
1.000000000000000000e+00
1.000000000000000000e+00
1.000000000000000000e+00
1.000000000000000000e+00
1.000000000000000000e+00
1.000000000000000000e+00
1.000000000000000000e+00
1.000000000000000000e+00
1.000000000000000000e+00
1.000000000000000000e+00
1.000000000000000000e+00
1.000000000000000000e+00
1.000000000000000000e+00
1.000000000000000000e+00
1.000000000000000000e+00
1.000000000000000000e+00
1.000000000000000000e+00
1.000000000000000000e+00
1.000000000000000000e+00
1.000000000000000000e+00
1.000000000000000000e+00
1.000000000000000000e+00
1.000000000000000000e+00
1.000000000000000000e+00
1.000000000000000000e+00
1.000000000000000000e+00
1.000000000000000000e+00
1.000000000000000000e+00
1.000000000000000000e+00
1.000000000000000000e+00
1.000000000000000000e+00
1.000000000000000000e+00
1.000000000000000000e+00
1.000000000000000000e+00
1.000000000000000000e+00
1.000000000000000000e+00
1.000000000000000000e+00
1.000000000000000000e+00
1.000000000000000000e+00
1.000000000000000000e+00
1.000000000000000000e+00
1.000000000000000000e+00
1.000000000000000000e+00
1.000000000000000000e+00
1.000000000000000000e+00
1.000000000000000000e+00
1.000000000000000000e+00
1.000000000000000000e+00
1.000000000000000000e+00
1.000000000000000000e+00
1.000000000000000000e+00
1.000000000000000000e+00
1.000000000000000000e+00
1.000000000000000000e+00
1.000000000000000000e+00
1.000000000000000000e+00
1.000000000000000000e+00
1.000000000000000000e+00
1.000000000000000000e+00
1.000000000000000000e+00
1.000000000000000000e+00
1.000000000000000000e+00
1.000000000000000000e+00
1.000000000000000000e+00
1.000000000000000000e+00
1.000000000000000000e+00
1.000000000000000000e+00
1.000000000000000000e+00
1.000000000000000000e+00
1.000000000000000000e+00
1.000000000000000000e+00
1.000000000000000000e+00
1.000000000000000000e+00
1.000000000000000000e+00
1.000000000000000000e+00
1.000000000000000000e+00
1.000000000000000000e+00
1.000000000000000000e+00
1.000000000000000000e+00
1.000000000000000000e+00
1.000000000000000000e+00
1.000000000000000000e+00
1.000000000000000000e+00
1.000000000000000000e+00
1.000000000000000000e+00
1.000000000000000000e+00
1.000000000000000000e+00
1.000000000000000000e+00
1.000000000000000000e+00
1.000000000000000000e+00
1.000000000000000000e+00
1.000000000000000000e+00
1.000000000000000000e+00
1.000000000000000000e+00
1.000000000000000000e+00
1.000000000000000000e+00
1.000000000000000000e+00
1.000000000000000000e+00
1.000000000000000000e+00
1.000000000000000000e+00
1.000000000000000000e+00
1.000000000000000000e+00
1.000000000000000000e+00
1.000000000000000000e+00
1.000000000000000000e+00
1.000000000000000000e+00
1.000000000000000000e+00
1.000000000000000000e+00
1.000000000000000000e+00
1.000000000000000000e+00
1.000000000000000000e+00
1.000000000000000000e+00
1.000000000000000000e+00
1.000000000000000000e+00
1.000000000000000000e+00
1.000000000000000000e+00
1.000000000000000000e+00
1.000000000000000000e+00
1.000000000000000000e+00
1.000000000000000000e+00
1.000000000000000000e+00
1.000000000000000000e+00
1.000000000000000000e+00
1.000000000000000000e+00
1.000000000000000000e+00
1.000000000000000000e+00
1.000000000000000000e+00
1.000000000000000000e+00
1.000000000000000000e+00
1.000000000000000000e+00
1.000000000000000000e+00
1.000000000000000000e+00
1.000000000000000000e+00
1.000000000000000000e+00
1.000000000000000000e+00
1.000000000000000000e+00
1.000000000000000000e+00
1.000000000000000000e+00
1.000000000000000000e+00
1.000000000000000000e+00
1.000000000000000000e+00
1.000000000000000000e+00
1.000000000000000000e+00
1.000000000000000000e+00
1.000000000000000000e+00
1.000000000000000000e+00
1.000000000000000000e+00
1.000000000000000000e+00
1.000000000000000000e+00
1.000000000000000000e+00
1.000000000000000000e+00
1.000000000000000000e+00
1.000000000000000000e+00
1.000000000000000000e+00
1.000000000000000000e+00
1.000000000000000000e+00
1.000000000000000000e+00
1.000000000000000000e+00
1.000000000000000000e+00
1.000000000000000000e+00
1.000000000000000000e+00
1.000000000000000000e+00
1.000000000000000000e+00
1.000000000000000000e+00
1.000000000000000000e+00
1.000000000000000000e+00
1.000000000000000000e+00
1.000000000000000000e+00
1.000000000000000000e+00
1.000000000000000000e+00
1.000000000000000000e+00
1.000000000000000000e+00
1.000000000000000000e+00
1.000000000000000000e+00
1.000000000000000000e+00
1.000000000000000000e+00
1.000000000000000000e+00
1.000000000000000000e+00
1.000000000000000000e+00
1.000000000000000000e+00
1.000000000000000000e+00
1.000000000000000000e+00
1.000000000000000000e+00
1.000000000000000000e+00
1.000000000000000000e+00
1.000000000000000000e+00
1.000000000000000000e+00
1.000000000000000000e+00
1.000000000000000000e+00
1.000000000000000000e+00
1.000000000000000000e+00
1.000000000000000000e+00
1.000000000000000000e+00
1.000000000000000000e+00
1.000000000000000000e+00
1.000000000000000000e+00
1.000000000000000000e+00
1.000000000000000000e+00
1.000000000000000000e+00
1.000000000000000000e+00
1.000000000000000000e+00
1.000000000000000000e+00
1.000000000000000000e+00
1.000000000000000000e+00
1.000000000000000000e+00
1.000000000000000000e+00
1.000000000000000000e+00
1.000000000000000000e+00
1.000000000000000000e+00
1.000000000000000000e+00
1.000000000000000000e+00
1.000000000000000000e+00
1.000000000000000000e+00
1.000000000000000000e+00
1.000000000000000000e+00
1.000000000000000000e+00
1.000000000000000000e+00
1.000000000000000000e+00
1.000000000000000000e+00
1.000000000000000000e+00
1.000000000000000000e+00
1.000000000000000000e+00
1.000000000000000000e+00
1.000000000000000000e+00
1.000000000000000000e+00
1.000000000000000000e+00
1.000000000000000000e+00
1.000000000000000000e+00
1.000000000000000000e+00
1.000000000000000000e+00
1.000000000000000000e+00
1.000000000000000000e+00
1.000000000000000000e+00
1.000000000000000000e+00
1.000000000000000000e+00
1.000000000000000000e+00
1.000000000000000000e+00
1.000000000000000000e+00
1.000000000000000000e+00
1.000000000000000000e+00
1.000000000000000000e+00
1.000000000000000000e+00
1.000000000000000000e+00
1.000000000000000000e+00
1.000000000000000000e+00
1.000000000000000000e+00
1.000000000000000000e+00
1.000000000000000000e+00
1.000000000000000000e+00
1.000000000000000000e+00
1.000000000000000000e+00
1.000000000000000000e+00
1.000000000000000000e+00
1.000000000000000000e+00
1.000000000000000000e+00
1.000000000000000000e+00
1.000000000000000000e+00
1.000000000000000000e+00
1.000000000000000000e+00
1.000000000000000000e+00
1.000000000000000000e+00
1.000000000000000000e+00
1.000000000000000000e+00
1.000000000000000000e+00
1.000000000000000000e+00
1.000000000000000000e+00
1.000000000000000000e+00
1.000000000000000000e+00
1.000000000000000000e+00
1.000000000000000000e+00
1.000000000000000000e+00
1.000000000000000000e+00
1.000000000000000000e+00
1.000000000000000000e+00
1.000000000000000000e+00
1.000000000000000000e+00
1.000000000000000000e+00
1.000000000000000000e+00
1.000000000000000000e+00
1.000000000000000000e+00
1.000000000000000000e+00
1.000000000000000000e+00
1.000000000000000000e+00
1.000000000000000000e+00
1.000000000000000000e+00
1.000000000000000000e+00
1.000000000000000000e+00
1.000000000000000000e+00
1.000000000000000000e+00
1.000000000000000000e+00
1.000000000000000000e+00
1.000000000000000000e+00
1.000000000000000000e+00
1.000000000000000000e+00
1.000000000000000000e+00
1.000000000000000000e+00
1.000000000000000000e+00
1.000000000000000000e+00
1.000000000000000000e+00
1.000000000000000000e+00
1.000000000000000000e+00
1.000000000000000000e+00
1.000000000000000000e+00
1.000000000000000000e+00
1.000000000000000000e+00
1.000000000000000000e+00
1.000000000000000000e+00
1.000000000000000000e+00
1.000000000000000000e+00
1.000000000000000000e+00
1.000000000000000000e+00
1.000000000000000000e+00
1.000000000000000000e+00
1.000000000000000000e+00
1.000000000000000000e+00
1.000000000000000000e+00
1.000000000000000000e+00
1.000000000000000000e+00
1.000000000000000000e+00
1.000000000000000000e+00
1.000000000000000000e+00
1.000000000000000000e+00
1.000000000000000000e+00
1.000000000000000000e+00
1.000000000000000000e+00
1.000000000000000000e+00
1.000000000000000000e+00
1.000000000000000000e+00
1.000000000000000000e+00
1.000000000000000000e+00
1.000000000000000000e+00
1.000000000000000000e+00
1.000000000000000000e+00
1.000000000000000000e+00
1.000000000000000000e+00
1.000000000000000000e+00
1.000000000000000000e+00
1.000000000000000000e+00
1.000000000000000000e+00
1.000000000000000000e+00
1.000000000000000000e+00
1.000000000000000000e+00
1.000000000000000000e+00
1.000000000000000000e+00
1.000000000000000000e+00
1.000000000000000000e+00
1.000000000000000000e+00
1.000000000000000000e+00
1.000000000000000000e+00
1.000000000000000000e+00
1.000000000000000000e+00
1.000000000000000000e+00
1.000000000000000000e+00
1.000000000000000000e+00
1.000000000000000000e+00
1.000000000000000000e+00
1.000000000000000000e+00
1.000000000000000000e+00
1.000000000000000000e+00
1.000000000000000000e+00
1.000000000000000000e+00
1.000000000000000000e+00
1.000000000000000000e+00
1.000000000000000000e+00
1.000000000000000000e+00
1.000000000000000000e+00
1.000000000000000000e+00
1.000000000000000000e+00
1.000000000000000000e+00
1.000000000000000000e+00
1.000000000000000000e+00
1.000000000000000000e+00
1.000000000000000000e+00
1.000000000000000000e+00
1.000000000000000000e+00
1.000000000000000000e+00
1.000000000000000000e+00
1.000000000000000000e+00
1.000000000000000000e+00
1.000000000000000000e+00
1.000000000000000000e+00
1.000000000000000000e+00
1.000000000000000000e+00
1.000000000000000000e+00
1.000000000000000000e+00
1.000000000000000000e+00
1.000000000000000000e+00
1.000000000000000000e+00
1.000000000000000000e+00
1.000000000000000000e+00
1.000000000000000000e+00
1.000000000000000000e+00
1.000000000000000000e+00
1.000000000000000000e+00
1.000000000000000000e+00
1.000000000000000000e+00
1.000000000000000000e+00
1.000000000000000000e+00
1.000000000000000000e+00
1.000000000000000000e+00
1.000000000000000000e+00
1.000000000000000000e+00
1.000000000000000000e+00
1.000000000000000000e+00
1.000000000000000000e+00
1.000000000000000000e+00
1.000000000000000000e+00
1.000000000000000000e+00
1.000000000000000000e+00
1.000000000000000000e+00
1.000000000000000000e+00
1.000000000000000000e+00
1.000000000000000000e+00
1.000000000000000000e+00
1.000000000000000000e+00
1.000000000000000000e+00
1.000000000000000000e+00
1.000000000000000000e+00
1.000000000000000000e+00
1.000000000000000000e+00
1.000000000000000000e+00
1.000000000000000000e+00
1.000000000000000000e+00
1.000000000000000000e+00
1.000000000000000000e+00
1.000000000000000000e+00
1.000000000000000000e+00
1.000000000000000000e+00
1.000000000000000000e+00
1.000000000000000000e+00
1.000000000000000000e+00
1.000000000000000000e+00
1.000000000000000000e+00
1.000000000000000000e+00
1.000000000000000000e+00
1.000000000000000000e+00
1.000000000000000000e+00
1.000000000000000000e+00
1.000000000000000000e+00
1.000000000000000000e+00
1.000000000000000000e+00
1.000000000000000000e+00
1.000000000000000000e+00
1.000000000000000000e+00
1.000000000000000000e+00
1.000000000000000000e+00
1.000000000000000000e+00
1.000000000000000000e+00
1.000000000000000000e+00
1.000000000000000000e+00
1.000000000000000000e+00
1.000000000000000000e+00
1.000000000000000000e+00
1.000000000000000000e+00
1.000000000000000000e+00
1.000000000000000000e+00
1.000000000000000000e+00
1.000000000000000000e+00
1.000000000000000000e+00
1.000000000000000000e+00
1.000000000000000000e+00
1.000000000000000000e+00
1.000000000000000000e+00
1.000000000000000000e+00
1.000000000000000000e+00
1.000000000000000000e+00
1.000000000000000000e+00
1.000000000000000000e+00
1.000000000000000000e+00
1.000000000000000000e+00
1.000000000000000000e+00
1.000000000000000000e+00
1.000000000000000000e+00
1.000000000000000000e+00
1.000000000000000000e+00
1.000000000000000000e+00
1.000000000000000000e+00
1.000000000000000000e+00
1.000000000000000000e+00
1.000000000000000000e+00
1.000000000000000000e+00
1.000000000000000000e+00
1.000000000000000000e+00
1.000000000000000000e+00
1.000000000000000000e+00
1.000000000000000000e+00
1.000000000000000000e+00
1.000000000000000000e+00
1.000000000000000000e+00
1.000000000000000000e+00
1.000000000000000000e+00
1.000000000000000000e+00
1.000000000000000000e+00
1.000000000000000000e+00
1.000000000000000000e+00
1.000000000000000000e+00
1.000000000000000000e+00
1.000000000000000000e+00
1.000000000000000000e+00
1.000000000000000000e+00
1.000000000000000000e+00
1.000000000000000000e+00
1.000000000000000000e+00
1.000000000000000000e+00
1.000000000000000000e+00
1.000000000000000000e+00
1.000000000000000000e+00
1.000000000000000000e+00
1.000000000000000000e+00
1.000000000000000000e+00
1.000000000000000000e+00
1.000000000000000000e+00
1.000000000000000000e+00
1.000000000000000000e+00
1.000000000000000000e+00
1.000000000000000000e+00
1.000000000000000000e+00
1.000000000000000000e+00
1.000000000000000000e+00
1.000000000000000000e+00
1.000000000000000000e+00
1.000000000000000000e+00
1.000000000000000000e+00
1.000000000000000000e+00
1.000000000000000000e+00
1.000000000000000000e+00
1.000000000000000000e+00
1.000000000000000000e+00
1.000000000000000000e+00
1.000000000000000000e+00
1.000000000000000000e+00
1.000000000000000000e+00
1.000000000000000000e+00
1.000000000000000000e+00
1.000000000000000000e+00
1.000000000000000000e+00
1.000000000000000000e+00
1.000000000000000000e+00
1.000000000000000000e+00
1.000000000000000000e+00
1.000000000000000000e+00
1.000000000000000000e+00
1.000000000000000000e+00
1.000000000000000000e+00
1.000000000000000000e+00
1.000000000000000000e+00
1.000000000000000000e+00
1.000000000000000000e+00
1.000000000000000000e+00
1.000000000000000000e+00
1.000000000000000000e+00
1.000000000000000000e+00
1.000000000000000000e+00
1.000000000000000000e+00
1.000000000000000000e+00
1.000000000000000000e+00
1.000000000000000000e+00
1.000000000000000000e+00
1.000000000000000000e+00
1.000000000000000000e+00
1.000000000000000000e+00
1.000000000000000000e+00
1.000000000000000000e+00
1.000000000000000000e+00
1.000000000000000000e+00
1.000000000000000000e+00
1.000000000000000000e+00
1.000000000000000000e+00
1.000000000000000000e+00
1.000000000000000000e+00
1.000000000000000000e+00
1.000000000000000000e+00
1.000000000000000000e+00
1.000000000000000000e+00
1.000000000000000000e+00
1.000000000000000000e+00
1.000000000000000000e+00
1.000000000000000000e+00
1.000000000000000000e+00
1.000000000000000000e+00
1.000000000000000000e+00
1.000000000000000000e+00
1.000000000000000000e+00
1.000000000000000000e+00
1.000000000000000000e+00
1.000000000000000000e+00
1.000000000000000000e+00
1.000000000000000000e+00
1.000000000000000000e+00
1.000000000000000000e+00
1.000000000000000000e+00
1.000000000000000000e+00
1.000000000000000000e+00
1.000000000000000000e+00
1.000000000000000000e+00
1.000000000000000000e+00
1.000000000000000000e+00
1.000000000000000000e+00
1.000000000000000000e+00
1.000000000000000000e+00
1.000000000000000000e+00
1.000000000000000000e+00
1.000000000000000000e+00
1.000000000000000000e+00
1.000000000000000000e+00
1.000000000000000000e+00
1.000000000000000000e+00
1.000000000000000000e+00
1.000000000000000000e+00
1.000000000000000000e+00
1.000000000000000000e+00
1.000000000000000000e+00
1.000000000000000000e+00
1.000000000000000000e+00
1.000000000000000000e+00
1.000000000000000000e+00
1.000000000000000000e+00
1.000000000000000000e+00
1.000000000000000000e+00
