6.910555012566702571e-01
6.862588712147303927e-01
6.782062862260000990e-01
6.639049968719482608e-01
6.404711527143206462e-01
6.060634963171822598e-01
5.616614158494132036e-01
5.123666068485804859e-01
4.662052854469844188e-01
4.281900924955095444e-01
3.994590020520346618e-01
3.783426980291094144e-01
3.632634593759264119e-01
3.523143395696367586e-01
3.444599202701023599e-01
3.385218578577041670e-01
3.339486348458698961e-01
3.301944003275462669e-01
3.271846057857785706e-01
3.243602552328790911e-01
3.220698461532592871e-01
3.200329829028674689e-01
3.181400427733148684e-01
3.162749879189900026e-01
3.143574581657136990e-01
3.129683260066168926e-01
3.113513376287051493e-01
3.098505518606730624e-01
3.083137061425617609e-01
3.068523008142198805e-01
3.055872767652784150e-01
3.042014275789260980e-01
3.029520537682942050e-01
3.016442362410681755e-01
3.004282960721424423e-01
2.991708700912339425e-01
2.980196652923311484e-01
2.968423117399215938e-01
2.956646631445203344e-01
2.945292779803276306e-01
2.934306559051786389e-01
2.922631558179855094e-01
2.911917263950620227e-01
2.900734082460403318e-01
2.890961291619709717e-01
2.879757433193070315e-01
2.868946923613548416e-01
2.858190014788082878e-01
2.846670410462788237e-01
2.837534565585000390e-01
2.826880518623760552e-01
2.817560017364365565e-01
2.808364053453717979e-01
2.797407033102852769e-01
2.787895107098988245e-01
2.778228596108300308e-01
2.768899393933160202e-01
2.758745626892362135e-01
2.749687116231236961e-01
2.740065440705844457e-01
2.730815939732960107e-01
2.721094068501676566e-01
2.712334002895014362e-01
2.702932526469230545e-01
2.693894085288047746e-01
2.684371730089187835e-01
2.674931799684251987e-01
2.665751800196511367e-01
2.656691142235483305e-01
2.648196300693920757e-01
2.639102822882788413e-01
2.631182752081326348e-01
2.621567843386105046e-01
2.612795964309147512e-01
2.604313451136861524e-01
2.594943038608346630e-01
2.586194545967238079e-01
2.576799733553614136e-01
2.569149137394768911e-01
2.560620402693748465e-01
2.550618527276175551e-01
2.542787892222404533e-01
2.533706010580062951e-01
2.525138682467596984e-01
2.516896143981388612e-01
2.508452367441995068e-01
2.499911030020032510e-01
2.491933775714465504e-01
2.483094844392367828e-01
2.474988892504147164e-01
2.466865300791604154e-01
2.457948762859616942e-01
2.449721653461456317e-01
2.441807470917701783e-01
2.433725477712495033e-01
2.426232585396085328e-01
2.417482378908566154e-01
2.408761986025741986e-01
2.400736258625984221e-01
2.391546416197504188e-01
2.383807468499456184e-01
2.376747722710881860e-01
2.368765080486025243e-01
2.361085807042462570e-01
2.352674527679170791e-01
2.345071017614432651e-01
2.337553263391767278e-01
2.329560272565909806e-01
2.321290795377322635e-01
2.314529354487146751e-01
2.307035439951079236e-01
2.298690557565007953e-01
2.291237950750759644e-01
2.284203875703471054e-01
2.276226897239685132e-01
2.268468137511185367e-01
2.261132654036794309e-01
2.253376869687012396e-01
2.246515833905765036e-01
2.238824559364999967e-01
2.230727238442216653e-01
2.223662043724741189e-01
2.216725750820977281e-01
2.208685091819082014e-01
2.201223145297595551e-01
2.194616885142667007e-01
2.187629065598760414e-01
2.178945585574422472e-01
2.172497302123478358e-01
2.165297065632683926e-01
2.155932522501264326e-01
2.151140936613082921e-01
2.143091554641723684e-01
2.135529908580439395e-01
2.128933875645910023e-01
2.121408059298992288e-01
2.114019664994307990e-01
2.107343040789876609e-01
2.100359768228871604e-01
2.093460345608847417e-01
2.085906711603913999e-01
2.078818786740302960e-01
2.072582799196243386e-01
2.064959981186049454e-01
2.057776419179780103e-01
2.050638616766248534e-01
2.043714114683015115e-01
2.037096859940460691e-01
2.029843780185495161e-01
2.023285417599337555e-01
2.015593099168368763e-01
2.008982861510344997e-01
2.001452883183956200e-01
1.994237509753022941e-01
1.987047719316823169e-01
1.980577136278152406e-01
1.973420003780296805e-01
1.966951353720256257e-01
1.958719173031193972e-01
1.952604358877454427e-01
1.945499785797936698e-01
1.938279092311859242e-01
1.930761154038565519e-01
1.924158806928566445e-01
1.917454642227717776e-01
1.908606666432959564e-01
1.904422131649085581e-01
1.896783362158707131e-01
1.889254050510270344e-01
1.881908374343599644e-01
1.875212798203740872e-01
1.868665516121046921e-01
1.860795283360140717e-01
1.854732191520077900e-01
1.847100750974246530e-01
1.840392227087702115e-01
1.833859875074454748e-01
1.826008025876113272e-01
1.819896049691098194e-01
1.812599525025912761e-01
1.806383825114795116e-01
1.798876948644007878e-01
1.791684826016426146e-01
1.784250696344034937e-01
1.778372483679226401e-01
1.771259652972221321e-01
1.763956080377101776e-01
1.756596714002745530e-01
1.750862397594111219e-01
1.743675383031368376e-01
1.736857255952698742e-01
1.730242508649826039e-01
1.723457430558545111e-01
1.716919041531426438e-01
1.709309627924646691e-01
1.704374565716300638e-01
1.696367208319050912e-01
1.690255645981856847e-01
1.683227804196732458e-01
1.676540931590965733e-01
1.670182117223739660e-01
1.663225454858371088e-01
1.656791009775229750e-01
1.650756129367010883e-01
1.643648361925567902e-01
1.636696846293551610e-01
1.631898584152970955e-01
1.624628325530460826e-01
1.618026366510561531e-01
1.612297421778951245e-01
1.606119224216256691e-01
1.599489852402891377e-01
1.593552158304623323e-01
1.587446681899683798e-01
1.581337470965726022e-01
1.575056803992816445e-01
1.568629079205649257e-01
1.563416860124894614e-01
1.556740188811506498e-01
1.551004689037799866e-01
1.544970596134662699e-01
1.539280063595090675e-01
1.532734836808272716e-01
1.526933959658656748e-01
1.521625855181898412e-01
1.515240867457219587e-01
1.509794281955276207e-01
1.503687626336302208e-01
1.498056426537888453e-01
1.491069661825895343e-01
1.487186194402830841e-01
1.480429213004452738e-01
1.475419314333370757e-01
1.469077831889901709e-01
1.462796915279967469e-01
1.458403899478060983e-01
1.451688399080719172e-01
1.448262149968317647e-01
1.442204569748469778e-01
1.436536146146910609e-01
1.431342169855322199e-01
1.426215461513825888e-01
1.420720324644020593e-01
1.415571518774543514e-01
1.410495553314685957e-01
1.405515617494072222e-01
1.400765374941485286e-01
1.395099608940737479e-01
1.390470817621265176e-01
1.385012065789529290e-01
1.380623370941196082e-01
1.374877620169094594e-01
1.370141633706433437e-01
1.364769115554435031e-01
1.360821068712643189e-01
1.355408631222588811e-01
1.350949011892080276e-01
1.346033398572887563e-01
1.341158810470785279e-01
1.336765665305512385e-01
1.332640964048249499e-01
1.326563956652368759e-01
1.322863235154322081e-01
1.317785777023860461e-01
1.312513698701347487e-01
1.308853911225284772e-01
1.304098200138125996e-01
1.299594300942761571e-01
1.295432018062898094e-01
1.290865908350263269e-01
1.285728550649115065e-01
1.282547495482223299e-01
1.276476916702730391e-01
1.273986499235033876e-01
1.268983297028711821e-01
1.264289129504135578e-01
1.260299306948270137e-01
1.256249854287930789e-01
1.251783346767936511e-01
1.246916005717856601e-01
1.243259852294410911e-01
1.239354847520589831e-01
1.235225945072514625e-01
1.231230371679578467e-01
1.226692352741956676e-01
1.222816291813339507e-01
1.219095587027924366e-01
1.214628345114844160e-01
1.210071564423186447e-01
1.206893251783081461e-01
1.203230091620768882e-01
1.198922176105635534e-01
1.194512778520584045e-01
1.191190627323729656e-01
1.187303990317242486e-01
1.183631083928048666e-01
1.179037285702569104e-01
1.175928050194467861e-01
1.171679566885743817e-01
1.167862157204321433e-01
1.164556940453393141e-01
1.160769333285944782e-01
1.156928551771811142e-01
1.152891312731163798e-01
1.148795734399131324e-01
1.145877967572637990e-01
1.142362926059535544e-01
1.138566419993128076e-01
1.135420574077538047e-01
1.131210580659764153e-01
1.128112841035638497e-01
1.124266661171402226e-01
1.120688110515475205e-01
1.117553978753941385e-01
1.113667438328266174e-01
1.110649873454655906e-01
1.106906909995845345e-01
1.103847009944064345e-01
1.100630504073841220e-01
1.096675407865217722e-01
1.094503032277737292e-01
1.090332355605704434e-01
1.086582024842500660e-01
1.083764571973255680e-01
1.080105593800544800e-01
1.076673965475388878e-01
1.073853451950209509e-01
1.069222961845142511e-01
1.067312495719109217e-01
1.063761356720434731e-01
1.060581808430807876e-01
1.057239073653306327e-01
1.054322033753352511e-01
1.051098493124757449e-01
1.047571829440338276e-01
1.044091554912073283e-01
1.041114657787340081e-01
1.037621516691786955e-01
1.035127309731074807e-01
1.031334362030029289e-01
1.029002071310366889e-01
1.025232930683663973e-01
1.022052703137908691e-01
1.019069644244653822e-01
1.015672756699579071e-01
1.013822169303894016e-01
1.010218177679926138e-01
1.006952515851174124e-01
1.004352969386215766e-01
1.001659892020480974e-01
9.982963095818246646e-02
9.947113158021654578e-02
9.919497113515224340e-02
9.890988700730460326e-02
9.869286573997565482e-02
9.834592349720852611e-02
9.799174621807676955e-02
9.771950978093914275e-02
9.748444193069423502e-02
9.715935453559670920e-02
9.690429913146154928e-02
9.658080520374434652e-02
9.633555926595414876e-02
9.587250283999101952e-02
9.574058389557259241e-02
9.539300080495220768e-02
9.509895985360657111e-02
9.488411896569388937e-02
9.457193680054375162e-02
9.435423554160765613e-02
9.407200038645949225e-02
9.373583909496664701e-02
9.349777020514010717e-02
9.321385892161301867e-02
9.293421406724623746e-02
9.267933473842485115e-02
9.244844537866966916e-02
9.219981818433319043e-02
9.196848858360733014e-02
9.166496922607932085e-02
9.141939619289976560e-02
9.111341439719711222e-02
9.086543973322425138e-02
9.061124718881079232e-02
9.030769747282776927e-02
9.013480751535722646e-02
8.974571012386253765e-02
8.947516717868192471e-02
8.931645135049308404e-02
8.895116246970637131e-02
8.877657953862633233e-02
8.848787700278418211e-02
8.814545303370271978e-02
8.797525808534452374e-02
8.773222640609103229e-02
8.735369416645595575e-02
8.726425265334546155e-02
8.698798687489969761e-02
8.679782552405126972e-02
8.647232864052056822e-02
8.623961340050612101e-02
8.598735879787376690e-02
8.580036459277783079e-02
8.554104688018560054e-02
8.525152588848557145e-02
8.500043565992798644e-02
8.477660319688064272e-02
8.452716313302516271e-02
8.430171905497887974e-02
8.410314381761210822e-02
8.385294221022299155e-02
8.360097150291714851e-02
8.339334129701767018e-02
8.312314093645130353e-02
8.291614190462444356e-02
8.266154448155846324e-02
8.246215017193130048e-02
8.226791102971349467e-02
8.196804823087794345e-02
8.170970845488564893e-02
8.161061357493910873e-02
8.128259828633495332e-02
8.098893602458494267e-02
8.085579973725336156e-02
8.058463342434593613e-02
8.036526709475687313e-02
8.000543674241218650e-02
7.993584793273891820e-02
7.970660035844359670e-02
7.956704797755394243e-02
7.931291162541934114e-02
7.895422018691897192e-02
7.891317159576075047e-02
7.865009413499916835e-02
7.837231717870703218e-02
7.826392176002264223e-02
7.798631393909453979e-02
7.776817299744911982e-02
7.748324258199759673e-02
7.737119200027414712e-02
7.721286676451563635e-02
7.694470032038433494e-02
7.676806596027953289e-02
7.654835814184375586e-02
7.631932242533989719e-02
7.609458194726280433e-02
7.596722185026322238e-02
7.571540966949293072e-02
7.551535951505813915e-02
7.527762737710561036e-02
7.507045096957257191e-02
7.483921446624611229e-02
7.471552274695464346e-02
7.445664162295205502e-02
7.433003526234201186e-02
7.404513918382248094e-02
7.373419302089938288e-02
7.364918980002403692e-02
7.343333982090864687e-02
7.322337031031825316e-02
7.306108061649969898e-02
7.283056382834911247e-02
7.252813367758478846e-02
7.248868501000106657e-02
7.230618153246386182e-02
7.204341937282256192e-02
7.185295093644943065e-02
7.164275914137917256e-02
7.144790394125240252e-02
7.121926104915993205e-02
7.105918531971318342e-02
7.082705330316509118e-02
7.072108218180281347e-02
7.046274285337754406e-02
7.025906864873000812e-02
7.011266268630113319e-02
6.987754255373562762e-02
6.970650665994201911e-02
6.955909630975552760e-02
6.934170376402991331e-02
6.906809422373771934e-02
6.896123365046723241e-02
6.874440723338297310e-02
6.851852748543024729e-02
6.844887901097536365e-02
6.827910374876644539e-02
6.804510331739271889e-02
6.789078866104994447e-02
6.768203348985740719e-02
6.754881331058484872e-02
6.735850785779101679e-02
6.717261059316141647e-02
6.699322511202522590e-02
6.685928480540002938e-02
6.659088017259325032e-02
6.647030872958047121e-02
6.628640126011201006e-02
6.614104138421160461e-02
6.593047206689205131e-02
6.572633545286953038e-02
6.559578769787081931e-02
6.544384578349335402e-02
6.523308545617120813e-02
6.511821027046867105e-02
6.499367820365088699e-02
6.470089226056421894e-02
6.450073345271604974e-02
6.439286530204117731e-02
6.420130321303649246e-02
6.410320279321500558e-02
6.392643294164113144e-02
6.369214150043470135e-02
6.356324697019798131e-02
6.338125821415867278e-02
6.321015132857220331e-02
6.307200446724892107e-02
6.289660121074744370e-02
6.276400407323880215e-02
6.259211665737841879e-02
6.241887907231492838e-02
6.222637696457760520e-02
6.213593198891197156e-02
6.190253933652171275e-02
6.179207747988402916e-02
6.160307941399514875e-02
6.143342119029589904e-02
6.127675902577383454e-02
6.122870194965174956e-02
6.097786058591944669e-02
6.079791624870683336e-02
6.067587789906454809e-02
6.054365879616566831e-02
6.031746942869254530e-02
6.021913884234215281e-02
5.999261568752782547e-02
5.987363700834768404e-02
5.976776698684053979e-02
5.963734949140676173e-02
5.944944454490073971e-02
5.922674808903996557e-02
5.903635287657379993e-02
5.898299782643360439e-02
5.881583637025739747e-02
5.864984844571777961e-02
5.852304975369147094e-02
5.835535771512825876e-02
5.817946274791445382e-02
5.808740163993622585e-02
5.792575787061027270e-02
5.779666979052126147e-02
5.755833953166646783e-02
5.750550264785332655e-02
5.735422975463526363e-02
5.719760763631867584e-02
5.706404410914651254e-02
5.692042074246066174e-02
5.678967851214111046e-02
5.662037868105939536e-02
5.650901363949690365e-02
5.626953588772033027e-02
5.611918051806943919e-02
5.604114551682557593e-02
5.592158449015446897e-02
5.577759177663496604e-02
5.562908752342420049e-02
5.547223837035043098e-02
5.534250925321664016e-02
5.518751054044281068e-02
5.505241273716092454e-02
5.487315244786441365e-02
5.479121092174734503e-02
5.465533682131873405e-02
5.449869669042527870e-02
5.427120325128947237e-02
5.423107570023941171e-02
5.411053328375731164e-02
5.397007440669195771e-02
5.374928990548609453e-02
5.367701769460524880e-02
5.352111609067235903e-02
5.344141789339482834e-02
5.323138408043554676e-02
5.312143425670053098e-02
5.284601618322942729e-02
5.282695558347872550e-02
5.269793641227962788e-02
5.257502284087240546e-02
5.244524796998926292e-02
5.235156573235456162e-02
5.222774876135268668e-02
5.206656830026103189e-02
5.193507098486380841e-02
5.179170800266521407e-02
5.166523946143154744e-02
5.153938121694539437e-02
5.142095868528953617e-02
5.125446372306240173e-02
5.113751299985285631e-02
5.100708517405603409e-02
5.090507274214178118e-02
5.072515305025236676e-02
5.065371083760900062e-02
5.050633639789053192e-02
5.035183330917997191e-02
5.027300175093114137e-02
5.009449841188533259e-02
5.001412934104779162e-02
4.989118973910808275e-02
4.970951117495341076e-02
4.964745824145419539e-02
4.952770194837025075e-02
4.937059077141540270e-02
4.927283844877300423e-02
4.910847939510962906e-02
4.896383668455694255e-02
4.883653011306055697e-02
4.880779319349676237e-02
4.862594761586348791e-02
4.850240292094115668e-02
4.835416347427027445e-02
4.824957816502345453e-02
4.819441661883944183e-02
4.802598167357167991e-02
4.792535422915326915e-02
4.777173732487218633e-02
4.767329254480345141e-02
4.758491950216037908e-02
4.738927535699414412e-02
4.734623690029340221e-02
4.720915012686912465e-02
4.715448373143694277e-02
4.694946039241871399e-02
4.681421156759772717e-02
4.670782436377236141e-02
4.666191932372748541e-02
4.649087054681565190e-02
4.637432129281972293e-02
4.629045914027041936e-02
4.616762979834207470e-02
4.606331485736051001e-02
4.591888925353330986e-02
4.581453805177339300e-02
4.567801056083824196e-02
4.554911405965685750e-02
4.548365159971373695e-02
4.536004744283855111e-02
4.521388300934008064e-02
4.511897239175492041e-02
4.503837145998009633e-02
4.493813955956803968e-02
4.473801449207322894e-02
4.472068531402120795e-02
4.458769305875259076e-02
4.450310647806950820e-02
4.434281866442012915e-02
4.422118362039327566e-02
4.417364920462880928e-02
4.403055847476103346e-02
4.394506388656528595e-02
4.377482606523803305e-02
4.371690555049904947e-02
4.357746045364599419e-02
4.349519171765340447e-02
4.339719840285501118e-02
4.328212195940847606e-02
4.319581373270401509e-02
4.305235220558409348e-02
4.298105404845305871e-02
4.287072603111820313e-02
4.273827439686283397e-02
4.263095028911317863e-02
4.250073928306145193e-02
4.242634889962417638e-02
4.229050064353006427e-02
4.220670071390590639e-02
4.209435701210584302e-02
4.202854248987777236e-02
4.187889807964009781e-02
4.173900268466344821e-02
4.172605088153587966e-02
4.161196416017732408e-02
4.149715755773442094e-02
4.139242672640830456e-02
4.132108539562406174e-02
4.116836165091288663e-02
4.103615295521116646e-02
4.098044741446418143e-02
4.087445980949061530e-02
4.078618686962207779e-02
4.065395774998303152e-02
4.056738937513104659e-02
4.049151238000818498e-02
4.037385787814855298e-02
4.020323422990207396e-02
4.018120580093403199e-02
4.006507175801587994e-02
3.991815618558653550e-02
3.985041082078324970e-02
3.976963720324316193e-02
3.968648184317031397e-02
3.964083946782297196e-02
3.952166233185146205e-02
3.941604947139110138e-02
3.930290610010602620e-02
3.925920077759240123e-02
3.909940909155245475e-02
3.895543199684470964e-02
3.889631597378424149e-02
3.882142801449767200e-02
3.872132449450769315e-02
3.851468796934932187e-02
3.855287305930895497e-02
3.841613961383700399e-02
3.834263367551778157e-02
3.824570233028914273e-02
3.815244900994002597e-02
3.803630543540098552e-02
3.782766087020614232e-02
3.791150421316602515e-02
3.775554319923477703e-02
3.764514049791198996e-02
3.763687261925743877e-02
3.745816128428226810e-02
3.742608737652855511e-02
3.728402859365035488e-02
3.723941262492111437e-02
3.708932879397512650e-02
3.708907863853632553e-02
3.691704637384308346e-02
3.687867823788629901e-02
3.674593487488372195e-02
3.664205144877944603e-02
3.654918025380798907e-02
3.648869539996875411e-02
3.637428339620653317e-02
3.625565790118915471e-02
3.622746170378689234e-02
3.612515172974339883e-02
3.607050062469872170e-02
3.601180652755179429e-02
3.581960822216102153e-02
3.578670507696057879e-02
3.568453240088586415e-02
3.561012928421924961e-02
3.551788732499283618e-02
3.535244432823466537e-02
3.531819304544478455e-02
3.526821360391165644e-02
3.515150642980422596e-02
3.508138347397159185e-02
3.499756210902706111e-02
3.483394007211817328e-02
3.476456878720117494e-02
3.471197412136409893e-02
3.461464132953967487e-02
3.452131985347452192e-02
3.447658833808132234e-02
3.437274299322494453e-02
3.433455298934132149e-02
3.422227404745561974e-02
3.418147745316049702e-02
3.402783804652946553e-02
3.395877485649127780e-02
3.383981326561687208e-02
3.378018858170669242e-02
3.373558963678910394e-02
3.367252898282770829e-02
3.351946958453793507e-02
3.346020706809525042e-02
3.331282943440601330e-02
3.331889812501945963e-02
3.321406653510140805e-02
3.310515106602438667e-02
3.301688115588122946e-02
3.294507715744631610e-02
3.291226662845084944e-02
3.277260027586349073e-02
3.271562060208192679e-02
3.265584347237433793e-02
3.258177524176426171e-02
3.245763944568378495e-02
3.243259458929034084e-02
3.233823524528581933e-02
3.222937172052583316e-02
3.219325289489435166e-02
3.212315295836223189e-02
3.204636005844388458e-02
3.194009633964326605e-02
3.187064280321023207e-02
3.179431240386994956e-02
3.170958006062678247e-02
3.160499939335776470e-02
3.156815545620130642e-02
3.150285653812378434e-02
3.137215019868953153e-02
3.130577601452490949e-02
3.122824592169906252e-02
3.110760679395337125e-02
3.105049608973786332e-02
3.100486325791903738e-02
3.094745854501213325e-02
3.087056597036176575e-02
3.076982149222333429e-02
3.071293226556320172e-02
3.066051140347761730e-02
3.056056622355910260e-02
3.046864266733505938e-02
3.040440664821237801e-02
3.031539036343539398e-02
3.025289516111037691e-02
3.014299572618412207e-02
3.009159576729871291e-02
3.002753005609182235e-02
2.997336188258071035e-02
2.981897094579679525e-02
2.977503559472305383e-02
2.971708886095855012e-02
2.964853036792815949e-02
2.958115692762658053e-02
2.945932963370744700e-02
2.943397151306271706e-02
2.931121515036959682e-02
2.927941426282216347e-02
2.923708941414952106e-02
2.913175182350511913e-02
2.909420013357885346e-02
2.902012249388332896e-02
2.892171131074428719e-02
2.884776545741728204e-02
2.880050264225740564e-02
2.868403499939345749e-02
2.863345854453343275e-02
2.855730914118300573e-02
2.854674116581944546e-02
2.845014468061604629e-02
2.833947761639553364e-02
2.826757814449125036e-02
2.824838278821802454e-02
2.813902884182919312e-02
2.803660247601302488e-02
2.807456427583071915e-02
2.792510251690899850e-02
2.783634235297462872e-02
2.779662714541025065e-02
2.777594224030950285e-02
2.766170042147859942e-02
2.759069092930959907e-02
2.758794875709073835e-02
2.746143408392422852e-02
2.740556174593179392e-02
2.732815958020676575e-02
2.730384489454861299e-02
2.720937666616269485e-02
2.714982034392388749e-02
2.704986096812145996e-02
2.704742605505245159e-02
2.694163246945078735e-02
2.685200667956710863e-02
2.678705549937772726e-02
2.672604719047168634e-02
2.664166345287646495e-02
2.659180925260963210e-02
2.655968245707585398e-02
2.648403279182301451e-02
2.642859435222843362e-02
2.632754756430430096e-02
2.626647166847916742e-02
2.623660806839221357e-02
2.614128207242382568e-02
2.609220222270648357e-02
2.603267164927508190e-02
2.591218820812979037e-02
2.593493533310746446e-02
2.584638758858532823e-02
2.578550148372804607e-02
2.570197185883963883e-02
2.561475438431703652e-02
2.556181605509482216e-02
2.552333135555298615e-02
2.548193554976023803e-02
2.538505284348502658e-02
2.538922354209768861e-02
2.518920359141858453e-02
2.528746379592589077e-02
2.515292869408481888e-02
2.510723007131101733e-02
2.506605940438540875e-02
2.495153141746829506e-02
2.491328500327654252e-02
2.486151133288097212e-02
2.476060289543654397e-02
2.474748614580104394e-02
2.463837479464044480e-02
2.460627160820045775e-02
2.453712847742385225e-02
2.448328695670768176e-02
2.444007446646823470e-02
2.431717203131743971e-02
2.430374878927666141e-02
2.423689759436196620e-02
2.418563892775481283e-02
2.412650856056383630e-02
2.404968870304791118e-02
2.397912857698143718e-02
2.396096211788244570e-02
2.391227987674730132e-02
2.382575406091720291e-02
2.373294948310857369e-02
2.369436029358101825e-02
2.369455544031890543e-02
2.357149946463427473e-02
2.356270801628540523e-02
2.346762317345876814e-02
2.342478961663852985e-02
2.336966364880624716e-02
2.332062809827870412e-02
2.319131746151418053e-02
2.317153084920053896e-02
2.311455271486193008e-02
2.305339374230243321e-02
2.304833535573977410e-02
2.297466399154758990e-02
2.290742752034981983e-02
2.288889701248678771e-02
2.280364748010678053e-02
2.277258150289500349e-02
2.271029726698595499e-02
2.258795035889904490e-02
2.256434837135020549e-02
2.255774847908677272e-02
2.247442726002606833e-02
2.240657289998073537e-02
2.237333219102583676e-02
2.233303896424227580e-02
2.223424921291215078e-02
2.219526130579678111e-02
2.213892392182190486e-02
2.209470911789685604e-02
2.206062782675560080e-02
2.200671440602413112e-02
2.190727613899590837e-02
2.185997530919433010e-02
2.182901329651940753e-02
2.174711416631804062e-02
2.169905719644988837e-02
2.160058326244221338e-02
2.161229178469096027e-02
2.155823051510378716e-02
2.148287098036546702e-02
2.144972032368449091e-02
2.142160253484533955e-02
2.134195083537737681e-02
2.131663257618700985e-02
2.126456583860064295e-02
2.119825118849985243e-02
2.114091446357114004e-02
2.106357851271916867e-02
2.105766762111202853e-02
2.097488363426444624e-02
2.089455451227591534e-02
2.089144591802531703e-02
2.084906357972483512e-02
2.076486188530855467e-02
2.075993224293051775e-02
2.069383252719749974e-02
2.062286042869423616e-02
2.058437107280561978e-02
2.050748497517114119e-02
2.049393247942706345e-02
2.042710483593068033e-02
2.039713362823905585e-02
2.033000976292948653e-02
2.028445084640822724e-02
2.021000259502657784e-02
2.019858387501777264e-02
2.015497644315473666e-02
2.010176732374488115e-02
2.002946419480888807e-02
1.996933858050033497e-02
1.993534428383489723e-02
1.988761903811245985e-02
1.985103093649792996e-02
1.978556753037264554e-02
1.975572460214607487e-02
1.972327699710149304e-02
1.963058890781498381e-02
1.961399732531780155e-02
1.949969892531433838e-02
1.952045236288436902e-02
1.946253621292167585e-02
1.941924101117599097e-02
1.939018686084143309e-02
1.929427880541022267e-02
1.927454573566293738e-02
1.924534459313560764e-02
1.918500940904154309e-02
1.914517516123929314e-02
1.909405819687526665e-02
1.906214728139873221e-02
1.899481561575417504e-02
1.897595276460716657e-02
1.887865606885004086e-02
1.884446926980828246e-02
1.881239217602913988e-02
1.876022371714602260e-02
1.873232704845057689e-02
1.868695034472537750e-02
1.862675618869252467e-02
1.858698138207962036e-02
1.856153635795427734e-02
1.849723131083218230e-02
1.847610399206834134e-02
1.839945712808652503e-02
1.837484687744706316e-02
1.832870484200040118e-02
1.829660149271200922e-02
1.824681158328894659e-02
1.820108041646225153e-02
1.817436165011687352e-02
1.812319992056914825e-02
1.808327092158807867e-02
1.801672742560705281e-02
1.796236631320789409e-02
1.794565417275797298e-02
1.789653500779864528e-02
1.785488619598826071e-02
1.780944081517268907e-02
1.773413362076306510e-02
1.765847052510694654e-02
1.770856560856503073e-02
1.761200154426374731e-02
1.762302077464742572e-02
1.754386690257316722e-02
1.748432734638585492e-02
1.746633305836335984e-02
1.737915089894834578e-02
1.742406144408908258e-02
1.728310816291819471e-02
1.728557383751363682e-02
1.724718221358489262e-02
1.719790600245219708e-02
1.719895753460670002e-02
1.716557024512439800e-02
1.708430031509072106e-02
1.704455883035968511e-02
1.698732738176892895e-02
1.697655695654767816e-02
1.695452183461747947e-02
1.687175209500959769e-02
1.685862875280352835e-02
1.673227741030443999e-02
1.680810112655828012e-02
1.675183316977095840e-02
1.667040346943706938e-02
1.665511731899875503e-02
1.660970512311697733e-02
1.656061306733837626e-02
1.651756923572559460e-02
1.649380653055517940e-02
1.644181743952711702e-02
1.639209184874614034e-02
1.637530281431307660e-02
1.632980061907021718e-02
1.629156985784980735e-02
1.625804966766320608e-02
1.623972401516844688e-02
1.617664118235032783e-02
1.615576415906460825e-02
1.611242681419077644e-02
1.604634158303296088e-02
1.603369707871960329e-02
1.597517818704779699e-02
1.593479703127689134e-02
1.592478284821845572e-02
1.587480939005036021e-02
1.585014814577464376e-02
1.580881737320617361e-02
1.572759345136416631e-02
1.575319711350104193e-02
1.568536680205891501e-02
1.565302415190464314e-02
1.562514886766439362e-02
1.557831101907816360e-02
1.554562319649786806e-02
1.550547616937131279e-02
1.548498348029430163e-02
1.541984057331657366e-02
1.540189805764904593e-02
1.532237423633757423e-02
1.535217969076308787e-02
1.526907482001531313e-02
1.522339444183411911e-02
1.520564482568962685e-02
1.518416799939586830e-02
1.514069236030003880e-02
1.509089336755485913e-02
1.506592476407032748e-02
1.505380705868758842e-02
1.498425415798556107e-02
1.497785529742915421e-02
1.493231296189229118e-02
1.485272766574053174e-02
1.485273099956767838e-02
1.481996579351834917e-02
1.477859097178692814e-02
1.474681063498636466e-02
1.472218425588549262e-02
1.471793542779050758e-02
1.464461466798093123e-02
1.460062969391167677e-02
1.458840612448901626e-02
1.455328597633134824e-02
1.452555121322179031e-02
1.446064232607438549e-02
1.438334530638530825e-02
1.442870542285631247e-02
1.438226772654369219e-02
1.432721887294402530e-02
1.431693033044991424e-02
1.427194570222803036e-02
1.424517159084124143e-02
1.420791462086240867e-02
1.418863891414366696e-02
1.414104665077424439e-02
1.409477168107072659e-02
1.410388344584498528e-02
1.404746769263874769e-02
1.400641158844414917e-02
1.395968936405344273e-02
1.395915644448749403e-02
1.391238847105497750e-02
1.388327689435599026e-02
1.383782042102289604e-02
1.382930756877717021e-02
1.376416650473506059e-02
1.371009967812070879e-02
1.371860359335550991e-02
1.369242381867038019e-02
1.363700555268275959e-02
1.360586248995137616e-02
1.357678695088751324e-02
1.356903000652424224e-02
1.353535909557415651e-02
1.348846288479398949e-02
1.346697414317168245e-02
1.341259955062248238e-02
1.340999655397276218e-02
1.337184445265614079e-02
1.335193927642623277e-02
1.329701724307337171e-02
1.328705284320832493e-02
1.327474765877039754e-02
1.318902611060600132e-02
1.318481918156612712e-02
1.314772797184663757e-02
1.311754749993893424e-02
1.306887070757719455e-02
1.306552293824331246e-02
1.301678345771506429e-02
1.300090726709459028e-02
1.298105972785768697e-02
1.293611672267018335e-02
1.289149810460262988e-02
1.289133585983654427e-02
1.284978074989547719e-02
1.281831604195758645e-02
1.279382896744313443e-02
1.274590822073098755e-02
1.274086857211243970e-02
1.268224584954025756e-02
1.266017865353413589e-02
1.264554405742715666e-02
1.260836977882510285e-02
1.254982112615003406e-02
1.256666052200099658e-02
1.250361859851649785e-02
1.250477331608999473e-02
1.246475606140406284e-02
1.240628559631711328e-02
1.241694948526232342e-02
1.234761223072252702e-02
1.236221603202700137e-02
1.232865242113725078e-02
1.230832983527216200e-02
1.223849267773454916e-02
1.225256881291196358e-02
1.218397089049852097e-02
1.219001683416926114e-02
1.210640655539048371e-02
1.214956311961369780e-02
1.209117076266972776e-02
1.207043422413906809e-02
1.204230769728643034e-02
1.202787422555931171e-02
1.196879226677785048e-02
1.193058498206768687e-02
1.190254270275805347e-02
1.192532160343086692e-02
1.184159969443654946e-02
1.183877099434279753e-02
1.180284140643197976e-02
1.178615404967734218e-02
1.176833926716062788e-02
1.173156587381631033e-02
1.171171345677690309e-02
1.166598211279363390e-02
1.164253659438275329e-02
1.161394300235302386e-02
1.157717840639400399e-02
1.155771314039260970e-02
1.154809908542249811e-02
1.153173333181101504e-02
1.148044364801275447e-02
1.146699025913507607e-02
1.143879181271352345e-02
1.141185330255289725e-02
1.138179200990374965e-02
1.135588193790837419e-02
1.133355600504104901e-02
1.129750852090572605e-02
1.127579778909109515e-02
1.129295080437857195e-02
1.124749188150703239e-02
1.119856036647355960e-02
1.116770743241795628e-02
1.115766626540737674e-02
1.112143500858967654e-02
1.110732249245588096e-02
1.107320184366212060e-02
1.105673491541944893e-02
1.101371856178073871e-02
1.102355828668389985e-02
1.097689382683685391e-02
1.094096680417923004e-02
1.091447368440068635e-02
1.090289834978674238e-02
1.084623172718732209e-02
1.083816868615602828e-02
1.082418978859537445e-02
1.080078695364396213e-02
1.074589122957591604e-02
1.074745603804642784e-02
1.074081103270457631e-02
1.069575859197565045e-02
1.066370036242629549e-02
1.065149379032664066e-02
1.062654825148638335e-02
1.060349195558644292e-02
1.055618000853324363e-02
1.055994693381944599e-02
1.053639685604555037e-02
1.048551333313558348e-02
1.046132357979669310e-02
1.044330673432809081e-02
1.041257054979048170e-02
1.040318832052538993e-02
1.037213546042195511e-02
1.035251500579761376e-02
1.032243952679813732e-02
1.031878318674612875e-02
1.028677097005129340e-02
1.027345864610729881e-02
1.024408949135353734e-02
1.021619153218177554e-02
1.017926863119438495e-02
1.015915667511165139e-02
1.012591802649798721e-02
1.011429668413724690e-02
1.010928534537691020e-02
1.008163374422396674e-02
1.003130689103688515e-02
1.003337543999493521e-02
1.000975066997801012e-02
9.978555910100113391e-03
9.932183990305929952e-03
9.951714711745027891e-03
9.916134380361265113e-03
9.891610796239028169e-03
9.866931067513568313e-03
9.815271237738280863e-03
9.826158280334701400e-03
9.813958292552603033e-03
9.791563581201314162e-03
9.752739239064145069e-03
9.718277618505194101e-03
9.728585049867562867e-03
9.679887638618571086e-03
9.675555658543348939e-03
9.646284454635211184e-03
9.615127481628276546e-03
9.611157699097280446e-03
9.582138186308189823e-03
9.556286176296582141e-03
9.513787307252640976e-03
9.512976870849213298e-03
9.500781120651351566e-03
9.491892976524208755e-03
9.435764700370783201e-03
9.412320966648362111e-03
9.408325043409214092e-03
9.384907653257999402e-03
9.368686500649866383e-03
9.341743787879490390e-03
9.325449880170968639e-03
9.306992742149824277e-03
9.271298674700249529e-03
9.265568869396311955e-03
9.244764815681264652e-03
9.221760863787495377e-03
9.201562045643056978e-03
9.169699029697636616e-03
9.160148335687283427e-03
9.141575808437274464e-03
9.093904203386045729e-03
9.084211217397490656e-03
9.069983529883236459e-03
9.043891562585486960e-03
9.034798381551809379e-03
9.016957503726838810e-03
9.000422407241005784e-03
8.972553636766470581e-03
8.953523612905493409e-03
8.922221837910391390e-03
8.905513203031399302e-03
8.876571777031390387e-03
8.859469782068377097e-03
8.836702486945017393e-03
8.824942607133250475e-03
8.798529360104501151e-03
8.788898170207436536e-03
8.769014095773205661e-03
8.734837902075794774e-03
8.730866785211089179e-03
8.707559675726639706e-03
8.674696004708364744e-03
8.645315857363000678e-03
8.660971133127791724e-03
8.645328792188333028e-03
8.620213425477101302e-03
8.580421259838788908e-03
8.569751034295353467e-03
8.547031674918667901e-03
8.530071654431854375e-03
8.523005084340444515e-03
8.474848836726908349e-03
8.488499639963264717e-03
8.446153223215202913e-03
8.437848951551132556e-03
8.415032763512238917e-03
8.403312512794009967e-03
8.371083795292569296e-03
8.368106669812861581e-03
8.339162079022830604e-03
8.307781836610437370e-03
8.307794862289613266e-03
8.286930829277221189e-03
8.268630048745503197e-03
8.244422722316813515e-03
8.223634227079206632e-03
8.204932569210151086e-03
8.191259107824797048e-03
8.179823824320919812e-03
8.161102916076613811e-03
8.134780436047419835e-03
8.117662812919921797e-03
8.081536385472905606e-03
8.053830008455926601e-03
8.071771237595904910e-03
8.043012136226544359e-03
8.024246102726985408e-03
8.008610633429530390e-03
7.979805876554954894e-03
7.968761477627725118e-03
7.966200724011286358e-03
7.931394133342629937e-03
7.930015647488679320e-03
7.903930407641122230e-03
7.884254762212678652e-03
7.879289955967188480e-03
7.851907946520700343e-03
7.826773044599187601e-03
7.815575712148399232e-03
7.802142553424346039e-03
7.771946372441431924e-03
7.764097801960555441e-03
7.736464184977064236e-03
7.721739852622184694e-03
7.701733199567700576e-03
7.692025513136676283e-03
7.682315407470534201e-03
7.642330447887485910e-03
7.650078253800789672e-03
7.618026734386278316e-03
7.615220180419522873e-03
7.578701388876652421e-03
7.564775971065891037e-03
7.550909701597577524e-03
7.545538326147445060e-03
7.525449360716655357e-03
7.487854757832662460e-03
7.483344454671688600e-03
7.450374605306673767e-03
7.423482539743417839e-03
7.452803805331183716e-03
7.419893108512041688e-03
7.409846617694711667e-03
7.377067202365391978e-03
7.329173289139622426e-03
7.334527625939309473e-03
7.330724553296541664e-03
7.284991796118057972e-03
7.310650905652437727e-03
7.285268201395021445e-03
7.270125381908396078e-03
7.255425954031774829e-03
7.229784559186165638e-03
7.236161464886078920e-03
7.198794592635489840e-03
7.173941025368029377e-03
7.192042508781793658e-03
7.157820706721395448e-03
7.143303680553799231e-03
7.127929773938376790e-03
7.106381105990814372e-03
7.091427838797763859e-03
7.086821772382661394e-03
7.012173807801186202e-03
7.068575797955937989e-03
7.045003929524682254e-03
7.015145672782507197e-03
6.993857586479862096e-03
6.976906442220621833e-03
6.924084459695482689e-03
6.949155997814419027e-03
6.893399511734190320e-03
6.914233172268723256e-03
6.902434026178005770e-03
6.882952454630347598e-03
6.858250779869455235e-03
6.844193238197476652e-03
6.839034240509915714e-03
6.791869343383171581e-03
6.818943393223370585e-03
6.784799969368447703e-03
6.790174617387362971e-03
6.755817758609607322e-03
6.749744660125413763e-03
6.728946084480932205e-03
6.720603547224787526e-03
6.709445120502745448e-03
6.673445949182288395e-03
6.676211052527442937e-03
6.630452810592292294e-03
6.664486844752640950e-03
6.617011509844035813e-03
6.620163368354302011e-03
6.595939166947833478e-03
6.587048942152510383e-03
6.562497948188267954e-03
6.543676378834269516e-03
6.535106733250099255e-03
6.515146795778751360e-03
6.508045724514107191e-03
6.502416248672359192e-03
6.473829351260584376e-03
6.482035338812108284e-03
6.448883699448093067e-03
6.438655976939506448e-03
6.410910470581647133e-03
6.413331914621397262e-03
6.393821178492673819e-03
6.372468623528090327e-03
6.362054627047785023e-03
6.349114883535159418e-03
6.328954571083678961e-03
6.316396920654369744e-03
6.300527958835508598e-03
6.281144951479551188e-03
6.264706113177193406e-03
6.254186743718621530e-03
6.238852123634257806e-03
6.227233240670621874e-03
6.201517736950856383e-03
6.199606517021623298e-03
6.193611169357609442e-03
6.184290307201860577e-03
6.156807660362184458e-03
6.133959120079192709e-03
6.127307771459786917e-03
6.107641147816918886e-03
6.109483104340532496e-03
6.082572041661478586e-03
6.083103517534514670e-03
6.076011796366531832e-03
6.053772663518819548e-03
6.035181033176091787e-03
6.005893685674112102e-03
6.008201634345043847e-03
5.987092386831396190e-03
5.977425381755373593e-03
5.969108527101135188e-03
5.920668815364479518e-03
5.951825113047561761e-03
5.931569987791590094e-03
5.917005326817161362e-03
5.881972324664404804e-03
5.878878389598477319e-03
5.857020724912477376e-03
5.859292495038451523e-03
5.834986796073540760e-03
5.829501501893641184e-03
5.778212874117473301e-03
5.801040738642249291e-03
5.788802089392058002e-03
5.778571166732165976e-03
5.761715015125186412e-03
5.738331621858378320e-03
5.739894359106463909e-03
5.727032433120516838e-03
5.710651329406703051e-03
5.673540010962044994e-03
5.691383790735147011e-03
5.672273660929931689e-03
5.655561492986245498e-03
5.626918280689486261e-03
5.648909890447872256e-03
5.608253392072843485e-03
5.620165527212001369e-03
5.581711681310220531e-03
5.579570751471952215e-03
5.568698705822628173e-03
5.553364626943740716e-03
5.518127222707594828e-03
5.536253871303675571e-03
5.510736530515454937e-03
5.512546386640419446e-03
5.463274064360510579e-03
5.515917110929357235e-03
5.444851926810640071e-03
5.461843167407745732e-03
5.424046508422179433e-03
5.425927298116480814e-03
5.408714071247751852e-03
5.400495734352651553e-03
5.389778422786289068e-03
5.387723743772636874e-03
5.363024787183218872e-03
5.360950982022457019e-03
5.349612330378607401e-03
5.331969782965773584e-03
5.317928418712524266e-03
5.298637309238463967e-03
5.298088981177508441e-03
5.276549146261199502e-03
5.255268863098795998e-03
5.258920951787981156e-03
5.248506669407236244e-03
5.230603675227809765e-03
5.223898600358682295e-03
5.200952778044405818e-03
5.199355612972534832e-03
5.190154352489376871e-03
5.166276390807719547e-03
5.171861775413812840e-03
5.119227694199902923e-03
5.138837032094410728e-03
5.128998890697403050e-03
5.109305212277831347e-03
5.085555817764933310e-03
5.102504510841494867e-03
5.042660538724573656e-03
5.098830510119374201e-03
5.039482000352238714e-03
5.030573748077066427e-03
5.038394856746890305e-03
5.009158506356471176e-03
5.006029550860278780e-03
4.999131510585097179e-03
4.957509276897586158e-03
4.985327040622775444e-03
4.967675150251514744e-03
4.957070100811376660e-03
4.943959853784950231e-03
4.924250736636167670e-03
4.910665059561454548e-03
4.892510936711914719e-03
4.892660060142718995e-03
4.870234738668452121e-03
4.877875573171747310e-03
4.855194978648796726e-03
4.848936100714906772e-03
4.839084775117434220e-03
4.817699215652672742e-03
4.818862095257957917e-03
4.801549105811188378e-03
4.790825562558438493e-03
4.775042006671096143e-03
4.776545989882184130e-03
4.766497057555950205e-03
4.750091047616609129e-03
4.733512164015597594e-03
4.725815825343878708e-03
4.716457210226508365e-03
4.698069794210563664e-03
4.694730416215861513e-03
4.683593844369169854e-03
4.676226326890692807e-03
4.654131835501175776e-03
4.652785489343451604e-03
4.640299130168776438e-03
4.612477962026397156e-03
4.622332418606675195e-03
4.608075843218622202e-03
4.599941496257088126e-03
4.592426235899828464e-03
4.592664793158681737e-03
4.560903904049545127e-03
4.552843918993728332e-03
4.546869427332110060e-03
4.544422992151729915e-03
4.530660936039371603e-03
4.522673004420149634e-03
4.479732533084253981e-03
4.481413478010965942e-03
4.488304061470054125e-03
4.479769949484242730e-03
4.472145098984973283e-03
4.449186684225423655e-03
4.447811501748219661e-03
4.434673776706664350e-03
4.400188313267530162e-03
4.422700288651477615e-03
4.403773064343632568e-03
4.389589312691117087e-03
4.384730771234379189e-03
4.386366641162047116e-03
4.338542328130902577e-03
4.361434608421405242e-03
4.354062866367582399e-03
4.344920886964765902e-03
4.320322050125728792e-03
4.311761900465561383e-03
4.294589222552790998e-03
4.300620872642736507e-03
4.284167880932727990e-03
4.276296104169367319e-03
4.270247226633988070e-03
4.258272467863986714e-03
4.249838110729927537e-03
4.242671740931525277e-03
4.226325536583707548e-03
4.217351329879810359e-03
4.212165299623198134e-03
4.201958363452701524e-03
4.174432468772075466e-03
4.180627023045936815e-03
4.176090074349953635e-03
4.169338122753937954e-03
4.131086211979760961e-03
4.141281785711076191e-03
4.147645487130960720e-03
4.121654061600695668e-03
4.103711937828847904e-03
4.084062367831523335e-03
4.095272729450308812e-03
4.083335094877579320e-03
4.087814037200587607e-03
4.061670056065070852e-03
4.066251725663148388e-03
4.054143520932744493e-03
4.032211252260562220e-03
4.025413471005127516e-03
4.026873408455035677e-03
4.019943221523394894e-03
3.985328005650184968e-03
3.993842999505432464e-03
3.985690713545149248e-03
3.971812196809748965e-03
3.960150750194900947e-03
3.955450441432081105e-03
3.953609542303248604e-03
3.933001912698793484e-03
3.942846334421898878e-03
3.908876624404261299e-03
3.916571407049299416e-03
3.901511292182866311e-03
3.892681299630307377e-03
3.885639559672459178e-03
3.870771230156866069e-03
3.872501435842423331e-03
3.860354159763249374e-03
3.842266374474482670e-03
3.835615515545214276e-03
3.831786619006639569e-03
3.820273213830919883e-03
3.810700503825501049e-03
3.803411294208022559e-03
3.790291510578234525e-03
3.791833167799008291e-03
3.762463452708158899e-03
3.759787685147395093e-03
3.767820860191087914e-03
3.744667462533535912e-03
3.740304520193603755e-03
3.742470023767184746e-03
3.722197389099554665e-03
3.713250269209181394e-03
3.704863271421345548e-03
3.705068426487871658e-03
3.690301985393619130e-03
3.690392383239408762e-03
3.671340698864566845e-03
3.658071379352934634e-03
3.656573849594029445e-03
3.649170641023894313e-03
3.638649325300191174e-03
3.635019634580073135e-03
3.635939683546374375e-03
3.621523722426250522e-03
3.612625016051035018e-03
3.599985815572186599e-03
3.597817945804438790e-03
3.580215223318061399e-03
3.573889509889600826e-03
3.565548900435844791e-03
3.571394140439744340e-03
3.537137878237574772e-03
3.546478733167532371e-03
3.536737324133615214e-03
3.520155803523656105e-03
3.515251712821412192e-03
3.508798887192824453e-03
3.501385556992447912e-03
3.499171894142949057e-03
3.489948251941314260e-03
3.474406645593782188e-03
3.472534210357220569e-03
3.456854339977975983e-03
3.459093796276387599e-03
3.440949137237761957e-03
3.430975005195900304e-03
3.416776248199832056e-03
3.420336989858437354e-03
3.416023860772838660e-03
3.404402454491251440e-03
3.398598968008237874e-03
3.384476271429385889e-03
3.376631136941016850e-03
3.372616565475514659e-03
3.365173668624265712e-03
3.351391028443945989e-03
3.354749694231291563e-03
3.340951480539193497e-03
3.338847264055012920e-03
3.332218096260736000e-03
3.317093954842286092e-03
3.299122461788231604e-03
3.295649488277766631e-03
3.298387805261752091e-03
3.278305472649662919e-03
3.288496402354212575e-03
3.255830674033599690e-03
3.264514698318764837e-03
3.257543309786082534e-03
3.249721548312663622e-03
3.245843038196004077e-03
3.250729704405655278e-03
3.208296865745069188e-03
3.223674399572181489e-03
3.214263082015219892e-03
3.204012962314923933e-03
3.203621157892029992e-03
3.188103477455505111e-03
3.186805078291009979e-03
3.168519028320588345e-03
3.171755845457872609e-03
3.152490143957298319e-03
3.158392242765070950e-03
3.150194672197358364e-03
3.122649394732434150e-03
3.131708212546332939e-03
3.127917366749248616e-03
3.119023472802967198e-03
3.120511763479173837e-03
3.104752996426863448e-03
3.096634393243740541e-03
3.085973344126354684e-03
3.073921038137216767e-03
3.079404259633000424e-03
3.062880022875366127e-03
3.071630058071540305e-03
3.048507061710714443e-03
3.046665329070882573e-03
3.034657410609984882e-03
3.036436488011531789e-03
3.027969675563716660e-03
3.017317512567647877e-03
3.022922494632699318e-03
3.006154987064032103e-03
2.998075974179041040e-03
2.990534884982220740e-03
2.977598976231612612e-03
2.990906372189133886e-03
2.970712282530647234e-03
2.961536752862229879e-03
2.957138722501570505e-03
2.949663125074818929e-03
2.941240591245072346e-03
2.939193810873543325e-03
2.936852970992601640e-03
2.924549948532200946e-03
2.917389234100742964e-03
2.915531622118838501e-03
2.894064592608628847e-03
2.905459341343105684e-03
2.881150357640892886e-03
2.888056328510564194e-03
2.870527647982401565e-03
2.871683626614217853e-03
2.871070139821053479e-03
2.851679211860235711e-03
2.852467168858960692e-03
2.855525877495178333e-03
2.839275255283739939e-03
2.829315461328795692e-03
2.827221361645764972e-03
2.815038039252093505e-03
2.808816622409982065e-03
2.797674755831914412e-03
2.803150584252892073e-03
2.792502625485472536e-03
2.788488260015323499e-03
2.779580846368714508e-03
2.773205452662815592e-03
2.770108965134568477e-03
2.748888543528404688e-03
2.759349425492733411e-03
2.749109737087305268e-03
2.740253203107451217e-03
2.722149462542022575e-03
2.729062339128241962e-03
2.723458421145291599e-03
2.714286204516871102e-03
2.709726752463178980e-03
2.702031496310155437e-03
2.694409350508067489e-03
2.686783293132715897e-03
2.688140616706797496e-03
2.679302007035663010e-03
2.666148203190719587e-03
2.664787369995922413e-03
2.665859102463790514e-03
2.655514750390596326e-03
2.650657641268090985e-03
2.644267771084612018e-03
2.640893777236280170e-03
2.622716773632029295e-03
2.632152326812290787e-03
2.619521663113378532e-03
2.607222049973139527e-03
2.608081410623396771e-03
2.601904573746391478e-03
2.589660693394242770e-03
2.593876637210476826e-03
2.587436976095497214e-03
2.575411276901182211e-03
2.569189721920598322e-03
2.562922754643036025e-03
2.567379725422402545e-03
2.553485307832813363e-03
2.556572988599587620e-03
2.546883457752950781e-03
2.541651789786296065e-03
2.544026674822881615e-03
2.520108682389036407e-03
2.512590942757015125e-03
2.514933332675614933e-03
2.506966114379143538e-03
2.506188374029859074e-03
2.492571761150429860e-03
2.503164560306946236e-03
2.492230528519680070e-03
2.482528548450578260e-03
2.471977735258373485e-03
2.471357840078001501e-03
2.465810604287980903e-03
2.445045547022995768e-03
2.462443275286724763e-03
2.448133306065626309e-03
2.443588159092281893e-03
2.440050943251532902e-03
2.426991390678917473e-03
2.430305565102961179e-03
2.422409538023722730e-03
2.415865785942254967e-03
2.410617808937136775e-03
2.407678001132028834e-03
2.392516884293270033e-03
2.395064315705115396e-03
2.374082529240175571e-03
2.389682802990656784e-03
2.374848886002577444e-03
2.366233743159682369e-03
2.363583428646311851e-03
2.367758444205004999e-03
2.342509848538611335e-03
2.349084505219902353e-03
2.342664668024943900e-03
2.334796555707855693e-03
2.335849957821600330e-03
2.334559111851246520e-03
2.322022233429899083e-03
2.318578772665724763e-03
2.313618318814405789e-03
2.308738709565659551e-03
2.291950966687701305e-03
2.305094743599511112e-03
2.291635193174442788e-03
2.285921221239342604e-03
2.281864611805628495e-03
2.273407973737708379e-03
2.270960817835007868e-03
2.263145596951549651e-03
2.255967036174102557e-03
2.248293532904946466e-03
2.232466132603219428e-03
2.252708724857906738e-03
2.242302971809684645e-03
2.232501646437023285e-03
2.235928210437902654e-03
2.219113918194969698e-03
2.218926163637401344e-03
2.220917897821761584e-03
2.204307295501556352e-03
2.203083826537944635e-03
2.195929540602394557e-03
2.192234320931155285e-03
2.184566494835572890e-03
2.188591207158944226e-03
2.181421748744988981e-03
2.170715229986204271e-03
2.168079640703906002e-03
2.168417103796985504e-03
2.159196606358981200e-03
2.155030507732785122e-03
2.147609798233523527e-03
2.141814095639217163e-03
2.145547823848898642e-03
2.141019580671257253e-03
2.133992011952289339e-03
2.130822406223420017e-03
2.119416197386141988e-03
2.114298727995446610e-03
2.118288673615357359e-03
2.104034163910130546e-03
2.104655511025677050e-03
2.096308967022196112e-03
2.099554638569575693e-03
2.092028769983374052e-03
2.083864062884978417e-03
2.078034264407116298e-03
2.072939853787829703e-03
2.063249963418067184e-03
2.066189289813467455e-03
2.054996083635809989e-03
2.044643129287578541e-03
2.051118250919769116e-03
2.045556547736461245e-03
2.045457224875755261e-03
2.040174625349923821e-03
2.036156754578249614e-03
2.033741347666883931e-03
2.022094175028282120e-03
2.025753910766849887e-03
2.016161763938595797e-03
2.006240730847431465e-03
2.001144097294725067e-03
2.007501184786535976e-03
1.992476666567849063e-03
1.994832421071415784e-03
1.987242909632186590e-03
1.989408879669099517e-03
1.973191691296700880e-03
1.981610227437548364e-03
1.973271491313685882e-03
1.960950951955835273e-03
1.968727685176548288e-03
1.956827290242082497e-03
1.959928553446583805e-03
1.943853465418994520e-03
1.938567239832601893e-03
1.942575054006478530e-03
1.934346509552012545e-03
1.922416628086336555e-03
1.933250451860658338e-03
1.920937934722262864e-03
1.915323455421977499e-03
1.914152941555422732e-03
1.912015674290289818e-03
1.904264817099829117e-03
1.903426306160879147e-03
1.902058951704150690e-03
1.895852560053754195e-03
1.890201892548637854e-03
1.884204251328680741e-03
1.875674101793785124e-03
1.865586830201729218e-03
1.874457210661798282e-03
1.868571248734822096e-03
1.853125989525973918e-03
1.863415027498181893e-03
1.856462705903790629e-03
1.844262162898140881e-03
1.837446260430104740e-03
1.845970866813591554e-03
1.829681120612121955e-03
1.828349675738471418e-03
1.830220679052737458e-03
1.818994622267122588e-03
1.810342903059790950e-03
1.819407451543676247e-03
1.811522734824198540e-03
1.798612079439668165e-03
1.808724406614471312e-03
1.799495330754585310e-03
1.801180390042905624e-03
1.788630203870817618e-03
1.795695153077758732e-03
1.784965156395433615e-03
1.785190632121936910e-03
1.777169876742196522e-03
1.775072038202519424e-03
1.768554891823311687e-03
1.762501446506316164e-03
1.750297766274895583e-03
1.760685975958299967e-03
1.743408117041651221e-03
1.745559367375010664e-03
1.753851061288644580e-03
1.748910191564261420e-03
1.743085767457906807e-03
1.731776723085333989e-03
1.726343798621785865e-03
1.729030425478283355e-03
1.716300549749186308e-03
1.720987104702804363e-03
1.707255202144291944e-03
1.710207763999538376e-03
1.704940652622878756e-03
1.705457838278432196e-03
1.700340097744109302e-03
1.698373551582855112e-03
1.688223554965588872e-03
1.686823808224029858e-03
1.689786010638791910e-03
1.674242338603172675e-03
1.679319049289915763e-03
1.673913550882779027e-03
1.665589333870035006e-03
1.667948575482244367e-03
1.656747862868152444e-03
1.655597588252736207e-03
1.652195780557901483e-03
1.638017635045668687e-03
1.646414992748467324e-03
1.640886631291453178e-03
1.635277238114083223e-03
1.616767745939016792e-03
1.636561953769419915e-03
1.625764265960177521e-03
1.626434321288927924e-03
1.618546134197751006e-03
1.613888637560454038e-03
1.616814359413053410e-03
1.606507966314081560e-03
1.599444865555857019e-03
1.602241720246833437e-03
1.595430521026368646e-03
1.599053016124993721e-03
1.588783771462008937e-03
1.583927212466213407e-03
1.583841878843161768e-03
1.581888163396570190e-03
1.576239410334535126e-03
1.572110550080781533e-03
1.567251450465066915e-03
1.565875868505242760e-03
1.559431923779357057e-03
1.558689967854921463e-03
1.555224582923139245e-03
1.549644499263195000e-03
1.554136348547087475e-03
1.540968877313746589e-03
1.540016464481011333e-03
1.531806645741783319e-03
1.533191591297314218e-03
1.526391302724148039e-03
1.529967833293864815e-03
1.522053733313311757e-03
1.513977036330158834e-03
1.516221781799946067e-03
1.510517761858084498e-03
1.519601232205007157e-03
1.508341865840455822e-03
1.498005933485858660e-03
1.495382061350548084e-03
1.497293749405831246e-03
1.492556295830906564e-03
1.487333933151213823e-03
1.485105894668127579e-03
1.488190009174429358e-03
1.476644433237847120e-03
1.475836707767354825e-03
1.473227119329489345e-03
1.464018146295529817e-03
1.468489580636807203e-03
1.458761032994386562e-03
1.462891851153082278e-03
1.456353010561672705e-03
1.452324149997626362e-03
1.449009932930104281e-03
1.447375073979888498e-03
1.441554319111576629e-03
1.441914028856932121e-03
1.434405418158998455e-03
1.433446934359933070e-03
1.431636123986403846e-03
1.425734684286291158e-03
1.426123045527089971e-03
1.418526771715603128e-03
1.417864531675669653e-03
1.415146375535706637e-03
1.411819135695233400e-03
1.411059785477196621e-03
1.403670445878106013e-03
1.395819587482687247e-03
1.398796186137263049e-03
1.399952805635491359e-03
1.390091043556562203e-03
1.389966010761587009e-03
1.382960713928891184e-03
1.386150143910104592e-03
1.377015766059620132e-03
1.379189431130336142e-03
1.375731275258723629e-03
1.370108610094868161e-03
1.370556580850201692e-03
1.365029107144307124e-03
1.362187996711392186e-03
1.359254409348880374e-03
1.354978670860743648e-03
1.353683708579540368e-03
1.345016082244878102e-03
1.344870030322713921e-03
1.339092708209656344e-03
1.342489089936569572e-03
1.338544442026367220e-03
1.334330604794721356e-03
1.329373446464420135e-03
1.327814345916229766e-03
1.318902362719135161e-03
1.310862548116152387e-03
1.326578901656960598e-03
1.315973948483588124e-03
1.313197324579862442e-03
1.306087325407653561e-03
1.308707097591715407e-03
1.306595194210266164e-03
1.301677259138744316e-03
1.303772696934759386e-03
1.293838908460267145e-03
1.296393123450733211e-03
1.290918568043187848e-03
1.282754116980868234e-03
1.283726117262436314e-03
1.288315194985183761e-03
1.275782453479353505e-03
1.276601907443689239e-03
1.271706939782234289e-03
1.261015892842156641e-03
1.270654600005270479e-03
1.264110011555333443e-03
1.259524829416932418e-03
1.251831743115189950e-03
1.251672432222481444e-03
1.252054603766737184e-03
1.249772326723164705e-03
1.245550683315676610e-03
1.244557748059410942e-03
1.237096733387618675e-03
1.233411774766734288e-03
1.243413447100855107e-03
1.235140564318076666e-03
1.230262230693045158e-03
1.229034057916058827e-03
1.227958194704439985e-03
1.223045670884468066e-03
1.222932190105893843e-03
1.217759767444541842e-03
1.215598011219883989e-03
1.210528460484186150e-03
1.207822266659897177e-03
1.205436776824918895e-03
1.205393773449031950e-03
1.198061496347560973e-03
1.196325014119955675e-03
1.193867720124217133e-03
1.192721849681220234e-03
1.190361640529545226e-03
1.182830913669087169e-03
1.188496159626603425e-03
1.180094789708813771e-03
1.179507332543445466e-03
1.177775174562936851e-03
1.173160557462974134e-03
1.170562718125438446e-03
1.172269584908820252e-03
1.169265725528638097e-03
1.163719475915448668e-03
1.161894263569560612e-03
1.158151197367130510e-03
1.151780205961456041e-03
1.152129661637380734e-03
1.154594235375822888e-03
1.147260200594571108e-03
1.143408443118395113e-03
1.139117754029192421e-03
1.142088548349095385e-03
1.140061316979719321e-03
1.136302749478350750e-03
1.138826340329647611e-03
1.128151507432903619e-03
1.131085479201439153e-03
1.126100820139689556e-03
1.125486614196493772e-03
1.120307184617364005e-03
1.112504964342016451e-03
1.117053471138693393e-03
1.117333681466756590e-03
1.106638333653011536e-03
1.107211032422713258e-03
1.103901215700813778e-03
1.098682571689940744e-03
1.100775855358473738e-03
1.096232555624997770e-03
1.095654337807510639e-03
1.094411548125727961e-03
1.091851223625813633e-03
1.084678362779738703e-03
1.092001111785845984e-03
1.084520347160248307e-03
1.081021943347747942e-03
1.079747970134186785e-03
1.077012323119918430e-03
1.074500156680642353e-03
1.071008761951816341e-03
1.069045166689712835e-03
1.067911159137305927e-03
1.066091964588719793e-03
1.061445084556128645e-03
1.061259407457263186e-03
1.056759264489625944e-03
1.054469423520198882e-03
1.056793873560796498e-03
1.047048303845550792e-03
1.049973227017549776e-03
1.044358543081995829e-03
1.044295303679161450e-03
1.039887519204057758e-03
1.038718550698961582e-03
1.037548845130329116e-03
1.025990984710525855e-03
1.036624913176573083e-03
1.029397036010323016e-03
1.025857525588954981e-03
1.023747721753904671e-03
1.024266217941301096e-03
1.023892737327644457e-03
1.017457379764631891e-03
1.017680689960408441e-03
1.015330463816293801e-03
1.008744034619732215e-03
1.003325400379513404e-03
1.006975082262800102e-03
1.006752079906748617e-03
1.000779111396208699e-03
1.000152774377462573e-03
9.971730000248239627e-04
9.956605073990821599e-04
9.860455290195205280e-04
9.910842653979444385e-04
9.857021821321723838e-04
9.739038002848830972e-04
9.834240199737514891e-04
9.793102671535832728e-04
9.835105266518958615e-04
9.792234737973817393e-04
9.741914934544573194e-04
9.760702343006154736e-04
9.728466112718641562e-04
9.577320680653299409e-04
9.702865813334418882e-04
9.660028937526671288e-04
9.625458384816414125e-04
9.617489222576166381e-04
9.552366712834035791e-04
9.572276357125052626e-04
9.539740583181810247e-04
9.505384374300059665e-04
9.493169455345846185e-04
9.455348464613767302e-04
9.459248237838307604e-04
9.427660220790130352e-04
9.387384590651370831e-04
9.376038791506288847e-04
9.365142506582872567e-04
9.373634447627929777e-04
9.324250333268732345e-04
9.300695904301912315e-04
9.274924574928848598e-04
9.210191564475280271e-04
9.256889516730097429e-04
9.225549332883085235e-04
9.195354036593406241e-04
9.149215101184122101e-04
9.213267252607692821e-04
9.152089643226385971e-04
9.141429193918416875e-04
9.043345075476411955e-04
9.114856455200554507e-04
9.064674278488057480e-04
9.025966531904227328e-04
9.020265087578341464e-04
9.015411312143442471e-04
8.981729905156694100e-04
8.926514026230247117e-04
8.970520018931113894e-04
8.937044343308246088e-04
8.909262438604465938e-04
8.826450643725495442e-04
8.892693497494162094e-04
8.903533022255162924e-04
8.836671398188562353e-04
8.797872619564129802e-04
8.786556451863621227e-04
8.774558050485471066e-04
8.784574215239574716e-04
8.702855591192408622e-04
8.710972024001161287e-04
8.642122199329540632e-04
8.727640132237216453e-04
8.624127734244342071e-04
8.635677710798453539e-04
8.617807752867260185e-04
8.616906483329590674e-04
8.573888478478173961e-04
8.579304272187267787e-04
8.507528174196263195e-04
8.520345796674584507e-04
8.527787949392405184e-04
8.478724247688172906e-04
8.460332527392243470e-04
8.503135109842462373e-04
8.426039396665276765e-04
8.391898768476753652e-04
8.407102165451760430e-04
8.325556460443164731e-04
8.385448248228125762e-04
8.333515936726598305e-04
8.315367946493096947e-04
8.260911571120622271e-04
8.299986247352535238e-04
8.215362372665627232e-04
8.213634565322861262e-04
8.260363788601482677e-04
8.201616443603337771e-04
8.183204657764885440e-04
8.162496792486178664e-04
8.153238303689249464e-04
8.122486997477023881e-04
8.116775203808563677e-04
8.082542311698749128e-04
8.071799679417576614e-04
8.052249465691992169e-04
8.047222675278525297e-04
8.037298400967561466e-04
8.017584138306119938e-04
7.991225410854667800e-04
7.981777350608223890e-04
7.966648801890252769e-04
7.938176220553551897e-04
7.935818136232423645e-04
7.900737499171554693e-04
7.875170123964900324e-04
7.870182343792748916e-04
7.880445267833237821e-04
7.816303978280042183e-04
7.814533913867437480e-04
7.779605434931389065e-04
7.778328774590395666e-04
7.795459448204188199e-04
7.726513010093835013e-04
7.698636184496925787e-04
7.726713206707570402e-04
7.683066091749099101e-04
7.682440548477903301e-04
7.697808518440264888e-04
7.617659796971370774e-04
7.652621892484603875e-04
7.622723096649224300e-04
7.586695624608929753e-04
7.570549883674695252e-04
7.540233486476413975e-04
7.502876387859812313e-04
7.535716551442094707e-04
7.490213425068889498e-04
7.491451542466295724e-04
7.446631408756080629e-04
7.501235173326027553e-04
7.456768459041670464e-04
7.433216322352628616e-04
7.439908925692049991e-04
7.400713456883555681e-04
7.395066568817257888e-04
7.368995015276920500e-04
7.337745665364374175e-04
7.317197181090315814e-04
7.346518435086701491e-04
7.327186809595137530e-04
7.282640574447733902e-04
7.264643668750392618e-04
7.257175612815639420e-04
7.217023919845035138e-04
7.232489031841525876e-04
7.198806753110602178e-04
7.203666042173608852e-04
7.176328042000282422e-04
7.138299406680873949e-04
7.106516081832003852e-04
7.125647047620467392e-04
7.108713319898275198e-04
7.070300961188098364e-04
7.082996480614513072e-04
7.040546314595498697e-04
7.081161084497580253e-04
7.019068368935482477e-04
7.001168243909887184e-04
6.970104324126233635e-04
7.002144685433060430e-04
6.951590860658793478e-04
6.964926133541991891e-04
6.914218260605398559e-04
6.927195933027893368e-04
6.896472283497782603e-04
6.878273371509229699e-04
6.859804471456364778e-04
6.823694913710889442e-04
6.869659713087068525e-04
6.826451835815662431e-04
6.827645315973508667e-04
6.807334932873995237e-04
6.735123110626253361e-04
6.793285542162915509e-04
6.753305499008612021e-04
6.745675170397719394e-04
6.767439308078532613e-04
6.728507954120947071e-04
6.694949416755986878e-04
6.673176934836127193e-04
6.691120756131568219e-04
6.634171529014696103e-04
6.645902520571260984e-04
6.633847775795597042e-04
6.607059565235106095e-04
6.562767896628624595e-04
6.622710987827368483e-04
6.554858296600676740e-04
6.554984094768120679e-04
6.539062663927260174e-04
6.544801326712916317e-04
6.526500786228877759e-04
6.487131774001682121e-04
6.493446103082272909e-04
6.446011611781483734e-04
6.453169224415497389e-04
6.464061637142809328e-04
6.429720422604207584e-04
6.410468390065489569e-04
6.374895271169082629e-04
6.378861617525737352e-04
6.393516070510745809e-04
6.361486911278007228e-04
6.356028100085495776e-04
6.334232719897434820e-04
6.313580511730378618e-04
6.302066692082267194e-04
6.301935613614334953e-04
6.278029780926642654e-04
6.251107352873727738e-04
6.233819218765412505e-04
6.227573460519124273e-04
6.143548142256674734e-04
6.248682457627409903e-04
6.205091934905665506e-04
6.154463224122212316e-04
6.155824060076286021e-04
6.159988875040199076e-04
6.120885253154872887e-04
6.108820015289049155e-04
6.101368024195446020e-04
6.099707141959892845e-04
6.053594915934874636e-04
6.073605518673567570e-04
6.042779918909673255e-04
6.034243342344974750e-04
6.044184548069162074e-04
5.988578238921361038e-04
6.006445398770990851e-04
5.936864911736035874e-04
5.986455997043062596e-04
5.948581288579524954e-04
5.934799372476910794e-04
5.922943744219537733e-04
5.911844063447720902e-04
5.906050837063503509e-04
5.887551333967492098e-04
5.880578773190206108e-04
5.824360604464930580e-04
5.867579256743218419e-04
5.847666836747781585e-04
5.826193039781303595e-04
5.838610476593138589e-04
5.793287442646552704e-04
5.775263798353599690e-04
5.780317881269963999e-04
5.755095004613264417e-04
5.700855293157799149e-04
5.758063962404256662e-04
5.722946606469381898e-04
5.727025850401982728e-04
5.697995520653680946e-04
5.674420368114364193e-04
5.676235030952544308e-04
5.660786692573895485e-04
5.649127010835529620e-04
5.639846734076984320e-04
5.605766278956057563e-04
5.588577431524624798e-04
5.623154288525386308e-04
5.602627376687061315e-04
5.570917242482665123e-04
5.551086529034949526e-04
5.541772947847545391e-04
5.548790089497158441e-04
5.536452810490572526e-04
5.515294637408649746e-04
5.502548521480353158e-04
5.498407639813324144e-04
5.465342761122298637e-04
5.469601387667028620e-04
5.437249497541805617e-04
5.411423445412505548e-04
5.411598931941950796e-04
5.398509780000689809e-04
5.431964846453476384e-04
5.402920157174061601e-04
5.362505083718523699e-04
5.373543950856530822e-04
5.349665957572174307e-04
5.335805390090757327e-04
5.343982624431841029e-04
5.332703908717186404e-04
5.302780665946491955e-04
5.290075043012945838e-04
5.274231813662676616e-04
5.281583075711101085e-04
5.251767297756942217e-04
5.254475702032063329e-04
5.202264656744058722e-04
5.247759540035141015e-04
5.225998445616498924e-04
5.213350937852153201e-04
5.184391478690681060e-04
5.181943753278314560e-04
5.172146035800843488e-04
5.123851319997681794e-04
5.178811509777331203e-04
5.140306429831298027e-04
5.129170815689901644e-04
5.100408300946323702e-04
5.056746721428291439e-04
5.099377921141662719e-04
5.093363388228421690e-04
5.054508939862379637e-04
5.061656782691638596e-04
5.050907521111704665e-04
5.035253621072115129e-04
5.003062241962977609e-04
5.016235652437249590e-04
5.001839973740191672e-04
4.996976738968247466e-04
4.970711239449038992e-04
4.971294679267949847e-04
4.957908088497008352e-04
4.933742095876303283e-04
4.935577058290293835e-04
4.924205642597111448e-04
4.926563018821719913e-04
4.887733424044589164e-04
4.899483017986767941e-04
4.891217749405183529e-04
4.868177961177642260e-04
4.860042943646801505e-04
4.864378915795961131e-04
4.808829259582450511e-04
4.832365253022479412e-04
4.839527802398931522e-04
4.815832399519227522e-04
4.795403237771357239e-04
4.782202820677931799e-04
4.766586628622592522e-04
4.765791065114756701e-04
4.723027028917061213e-04
4.728320382848128899e-04
4.723386583270569746e-04
4.740257100784219945e-04
4.695219217263034428e-04
4.699687368009952942e-04
4.693172423038569573e-04
4.658593426988448332e-04
4.675284674374324974e-04
4.651069737770480530e-04
4.676054304510119178e-04
4.642328201867127867e-04
4.622234899607714407e-04
4.604444104620597522e-04
4.602675958978060238e-04
4.597108502019864513e-04
4.588189078479640109e-04
4.573861087602446268e-04
4.577752784661502585e-04
4.555726425853987992e-04
4.553352832702200689e-04
4.540260690184822878e-04
4.520385014185584051e-04
4.516109027358002504e-04
4.517181407318600719e-04
4.496565856033417439e-04
4.484803269753488849e-04
4.488354566176764714e-04
4.467049890410764931e-04
4.452570146656853424e-04
4.446354181154512524e-04
4.392017246376391307e-04
4.423427028759760915e-04
4.410712475513329676e-04
4.428572021763556863e-04
4.386350453694701072e-04
4.404250168408582831e-04
4.371227715133565311e-04
4.356351937646455222e-04
4.368016650754335899e-04
4.350379534619800391e-04
4.352017592615473746e-04
4.334619623174213896e-04
4.320000211152026691e-04
4.282411875784809005e-04
4.312419105426995212e-04
4.290634626460294865e-04
4.303033980452255678e-04
4.289196336960035940e-04
4.256217670993010143e-04
4.245572215159621973e-04
4.244717533565238064e-04
4.208750526977707599e-04
4.241198909026024869e-04
4.213237004723201532e-04
4.205252681902688105e-04
4.212548075394286938e-04
4.189778918819553983e-04
4.178459969846569084e-04
4.169833928318829102e-04
4.156857728200001080e-04
4.163849199751114478e-04
4.116411189615324360e-04
4.161505444810375729e-04
4.135161840742641892e-04
4.108451298258646999e-04
4.115248312260259161e-04
4.095170656618652978e-04
4.070602961870203266e-04
4.092598386265048618e-04
4.066637530281695841e-04
4.070107650875667816e-04
4.067390330487796789e-04
4.041919302534162156e-04
4.044019380616451593e-04
4.018852900715046226e-04
4.021729705237443351e-04
4.020012131511521399e-04
3.988751348416436884e-04
4.006660448369855129e-04
3.956007827923713085e-04
3.978896252716107584e-04
3.975444056753596250e-04
3.956276119198654309e-04
3.954457112714148325e-04
3.949186206108217011e-04
3.937568038786919003e-04
3.900442038731008910e-04
3.927710294722471093e-04
3.915511053441085641e-04
3.896019810998560865e-04
3.894668084489499708e-04
3.864216253108614866e-04
3.860265940607925084e-04
3.863865555405579565e-04
3.859468132934255739e-04
3.832060157807128673e-04
3.839813198033620507e-04
3.837714580526737891e-04
3.845106716042079732e-04
3.815964983754968468e-04
3.800985549713199762e-04
3.801593021955470999e-04
3.799605370278251373e-04
3.788026411886481521e-04
3.771778896201729626e-04
3.770663067030649747e-04
3.761963143192263281e-04
3.759523443624013142e-04
3.739507573964146923e-04
3.730797584311338786e-04
3.737309423975148032e-04
3.710473697665292989e-04
3.713062473133764418e-04
3.701431007880923055e-04
3.698392688286600781e-04
3.684167904648997442e-04
3.672914839662553134e-04
3.669600662224833314e-04
3.646564123914036726e-04
3.663861856136269111e-04
3.634189120227152253e-04
3.633496183323197065e-04
3.632046035870643906e-04
3.620890066690987674e-04
3.615790740130770818e-04
3.587246289515795550e-04
3.599886242073060657e-04
3.598158062371307510e-04
3.586263277385991904e-04
3.580738061952745861e-04
3.572024926368482932e-04
3.550065088761584923e-04
3.545075566948331343e-04
3.533834672239208764e-04
3.500558214348075390e-04
3.544952474261273568e-04
3.521758357593073908e-04
3.507049829840330605e-04
3.496521614464589501e-04
3.486491195015527797e-04
3.487404918495420501e-04
3.483205125850352885e-04
3.465324378699798395e-04
3.455195418417328552e-04
3.463865242082582495e-04
3.423145594843585572e-04
3.454393328717222759e-04
3.432631745058318325e-04
3.420646348619129826e-04
3.401930778813298849e-04
3.413677121374608442e-04
3.408681415868873728e-04
3.403900606214977156e-04
3.402203023389509858e-04
3.380809844069452706e-04
3.377221325245045435e-04
3.368739180448951072e-04
3.351359623715260256e-04
3.360586690197513550e-04
3.320592234302109647e-04
3.342717987268640253e-04
3.336356674796141556e-04
3.315775309947964185e-04
3.304122327393932759e-04
3.318852034557429466e-04
3.296717819516418600e-04
3.293800509677891736e-04
3.277630832755806171e-04
3.277675936670415460e-04
3.266776212088383737e-04
3.252141994410229350e-04
3.250815188030823765e-04
3.254324371119180154e-04
3.241371035699752994e-04
3.238230533139098118e-04
3.223084385527142629e-04
3.215512155722990506e-04
3.210890373985486016e-04
3.167214847794963908e-04
3.203926437586233043e-04
3.194794716116250866e-04
3.203500806953993177e-04
3.172803221962437769e-04
3.162376042846192794e-04
3.171461335246671554e-04
3.165376561899263248e-04
3.156895173608842962e-04
3.140310917965832361e-04
3.142191537176261605e-04
3.124226995229102168e-04
3.129102933404997967e-04
3.116636391235780637e-04
3.107022189144897201e-04
3.096153827795790391e-04
3.112633009209925423e-04
3.095255121214190042e-04
3.081844279410493798e-04
3.087505268281347704e-04
3.053228612729656679e-04
3.069555380759214159e-04
3.061327814522363374e-04
3.029988917574947941e-04
3.050153622007201063e-04
3.032272644049466563e-04
3.029969896551522454e-04
3.008992495637293082e-04
3.022667809119801365e-04
3.002717131908606558e-04
3.001273117332792402e-04
2.992995290425466909e-04
2.992227984844118664e-04
2.985588388100950423e-04
2.976653476663873956e-04
2.968531255117861029e-04
2.979327370152142591e-04
2.951425107132113869e-04
2.954113986698497720e-04
2.931777819969413651e-04
2.955615976111727991e-04
2.935611002187670047e-04
2.923831707230419952e-04
2.918119163370127807e-04
2.914435363355291110e-04
2.895111088386914232e-04
2.906626917633080569e-04
2.891662913182732044e-04
2.893340679743395139e-04
2.881387234934404081e-04
2.873787037915462804e-04
2.850076055136209507e-04
2.861587647238203534e-04
2.864738144904614920e-04
2.847289857633898496e-04
2.857608760253437657e-04
2.831732075352907181e-04
2.819997233533675556e-04
2.828462921906650641e-04
2.814639590945131986e-04
2.812046671486184268e-04
2.806934131112289723e-04
2.799423874722119059e-04
2.791824905103307557e-04
2.785985446249209722e-04
2.784521231316310812e-04
2.789610178275389661e-04
2.772877009446282170e-04
2.761808312416828013e-04
2.757630690556587562e-04
2.758686605073827516e-04
2.749499970086292737e-04
2.744067016415588606e-04
2.747355471739345982e-04
2.723095891612306910e-04
2.724063896158830612e-04
2.718518689904548266e-04
2.721990164585414936e-04
2.701259728114564643e-04
2.701191516885371449e-04
2.693676199701907563e-04
2.683467975549059972e-04
2.678832169442232837e-04
2.683488908738484459e-04
2.676435852376276452e-04
2.674026159292972288e-04
2.661006453768420457e-04
2.654083079014201438e-04
2.644276591126007285e-04
2.652511749018100881e-04
2.639457659425781017e-04
2.642856311563264297e-04
2.623278817407351379e-04
2.618508524508017824e-04
2.613702623139033728e-04
2.597896874065099850e-04
2.599334193828164042e-04
2.596901853751530285e-04
2.591326504725982279e-04
2.581370389544385504e-04
2.576744334807179546e-04
2.580534560469719459e-04
2.564682649250308991e-04
2.554731858543033947e-04
2.567205979362695029e-04
2.543242531907838225e-04
2.549398838065144437e-04
2.541323271150304421e-04
2.541318918645824000e-04
2.530895206316147671e-04
2.536732238578289704e-04
2.522872056457085431e-04
2.520025294656177018e-04
2.505324871471787491e-04
2.491176877814008767e-04
2.492397391898098970e-04
2.495668846146535040e-04
2.475718391602218117e-04
2.475764496975573522e-04
2.468212792887892939e-04
2.469519246897107349e-04
2.454986213828078655e-04
2.466042557019006653e-04
2.460565322090652604e-04
2.440576999829318044e-04
2.452190193153975595e-04
2.430412635066464273e-04
2.447512409262344495e-04
2.413310111706843156e-04
2.417525734680501452e-04
2.414656963279802275e-04
2.411201671510363072e-04
2.404243910465148992e-04
2.405851809262620649e-04
2.403769144267146505e-04
2.392940432908809742e-04
2.388543399350575203e-04
2.387362292198531670e-04
2.372155787756388093e-04
2.357897034321467889e-04
2.363089152709108075e-04
2.354800780292732438e-04
2.352005908974206182e-04
2.348612095046129580e-04
2.349624252141211474e-04
2.334515823632890195e-04
2.338728145751929285e-04
2.334552484835187886e-04
2.325971179530240257e-04
2.314466862436087655e-04
2.308686658834306290e-04
2.313965792075773048e-04
2.299386832757071251e-04
2.289593007212066046e-04
2.298634726341788285e-04
2.286812253186911153e-04
2.281544886498392856e-04
2.289906528719387092e-04
2.269379199424292805e-04
2.266020173764867883e-04
2.249630749587855241e-04
2.266540892685822879e-04
2.250230850146895734e-04
2.254134476318410635e-04
2.239998669849683089e-04
2.236372091477148536e-04
2.233919770484525094e-04
2.222240822220231137e-04
2.226788111225589826e-04
2.216771894097096900e-04
2.214836619283622405e-04
2.209797829298492614e-04
2.204904563050474290e-04
2.205652263098077670e-04
2.189919900987921013e-04
2.181604343267865974e-04
2.185652895208737114e-04
2.186352941144248006e-04
2.176871475323878275e-04
2.174421891304843682e-04
2.159841307368099252e-04
2.164145011217085334e-04
2.159174779366951704e-04
2.151566019200410026e-04
2.144654174219990121e-04
2.134804605799282774e-04
2.138708514038236471e-04
2.134884317503227627e-04
2.128315003842544807e-04
2.120974208815238997e-04
2.130490075309613275e-04
2.116232661489578020e-04
2.115979528493231257e-04
2.112624410907041478e-04
2.106493459878363173e-04
2.097599794341736660e-04
2.092665963705257965e-04
2.094266692878201221e-04
2.092011671027843871e-04
