4.510825688328061744e-01
2.785339813743318849e-01
2.475390235611370504e-01
2.247339744482721724e-01
2.031711473635264831e-01
1.826176893200193163e-01
1.577737269231251349e-01
1.281887495091983131e-01
1.060247456303664570e-01
8.688914705706493602e-02
7.149486103707125562e-02
6.200273256216730366e-02
5.505933871758835613e-02
4.857533097147409551e-02
4.358694134200257614e-02
3.942597367973731809e-02
3.749902839266828353e-02
3.438546265794762552e-02
2.907496439086805495e-02
2.795154048964780188e-02
2.651428496947378852e-02
2.330963684618473156e-02
2.151413978616307718e-02
2.049866037052457471e-02
1.969594424164720914e-02
1.771858912817801321e-02
1.671528144707138189e-02
1.503607316260292641e-02
1.338425093599861226e-02
1.373683027036687668e-02
1.165094127670662262e-02
1.177167312484068279e-02
9.782068290473294389e-03
9.924465271949884856e-03
9.495458711287938294e-03
8.536652815927352200e-03
7.584949105609016876e-03
6.799450058810180102e-03
6.379454857647942796e-03
5.219249436473286791e-03
6.913107661052241525e-03
4.493698343414247523e-03
4.572587537179580684e-03
4.096169404120149002e-03
4.063381770255675672e-03
3.461876890173308779e-03
3.561600246298049933e-03
3.444604340740624934e-03
2.784814110061704581e-03
2.179502268290109575e-03
5.352109547320131784e-03
2.137304301962623335e-03
1.532618103561617312e-03
1.851059346635598214e-03
1.477973892337916279e-03
1.616879302120293729e-03
2.557485883947135507e-03
1.365391421876893316e-03
1.815969764421424774e-03
1.452045759272388133e-03
1.030315371610153637e-03
9.284483634395266412e-04
2.531723314878036018e-03
7.705974388192576591e-04
7.841559652026391979e-04
7.465512959754180312e-04
2.942559961313593372e-03
5.758349137831503869e-04
5.230110077182611268e-04
9.068517659952379101e-04
4.533084517395634307e-04
9.596771907278837162e-04
4.778037405920453236e-04
4.082127672831055692e-04
9.271059980287970920e-04
3.451200529570184659e-04
3.507027960881714491e-04
1.749152408127039454e-03
3.763778899998279637e-04
2.546543531871066140e-04
2.455515838012810748e-04
2.145421178638896214e-04
2.234953410662196061e-04
3.815191897621324170e-04
2.614519861565440671e-04
2.112675339204770394e-04
3.008701352950830799e-03
2.390247916233322685e-04
1.794807559671036229e-04
1.681846293944480326e-04
1.478455424670365869e-04
1.518006335216861235e-04
1.447160050020426998e-04
1.534056740712717946e-04
1.188006256182429080e-04
1.287123283006751757e-04
1.477653354746410466e-04
2.232104999618513778e-04
1.141874204879838651e-04
1.409092954979119627e-04
9.680441213148631744e-05
2.054893289763088380e-04
1.414068075508404529e-03
8.638651735106707939e-05
7.405561277045892153e-05
6.796005908271191475e-05
6.532593993048457543e-05
6.323054779103845773e-05
6.229692574657161915e-05
6.380788481033050717e-05
5.748409853614637883e-05
6.707495991484588175e-05
5.444172486605631438e-05
4.055506248911829796e-04
2.589709456578134610e-03
8.261653620793042989e-05
6.703687311190670783e-05
6.062202703032783561e-05
5.484040716303947339e-05
5.197409906121005488e-05
4.936787679493396299e-05
4.691295882759861794e-05
4.662688836664788730e-05
5.920615335417421000e-05
4.224333299334505815e-05
4.042681419220376521e-05
3.685181201329409869e-05
3.830201092981561941e-05
5.319183739028890499e-05
3.498694804886781764e-05
3.395006502489650367e-05
1.481841679042759105e-03
3.732316264425403023e-05
3.262243533104732706e-05
3.015311588811593109e-05
2.854795814468096609e-05
2.734667536953695976e-05
2.579122694815591039e-05
2.525105065750007512e-05
2.439281579277771108e-05
2.342983793235881975e-05
2.317439528566670232e-05
2.199380109134706080e-05
2.098370350813638497e-05
2.238436852613696258e-05
2.018193368665574015e-05
3.318471100643754427e-04
1.102525384510434810e-03
3.548943182030532832e-05
2.945451690961168150e-05
2.618961999184778441e-05
2.371106728118580438e-05
2.181233819565672508e-05
2.008008175580146365e-05
1.942275952197698030e-05
1.844251162031338974e-05
1.759548673690655447e-05
1.655927102387977292e-05
1.584570481281844120e-05
1.515083062546247182e-05
1.510467004322890669e-05
1.505707477112342231e-05
1.426407187869114944e-05
1.613052004969566579e-05
1.262735368439799847e-05
6.023484545618527312e-04
2.647524018764865316e-05
1.669326519212128480e-05
1.476791568401430154e-05
1.350280094624979802e-05
1.260097732248206237e-05
1.171310971606739568e-05
1.124960127819057100e-05
1.090759921027841197e-05
1.083256455932054790e-05
1.071538493649118882e-05
1.010885465245792225e-05
9.361082155562274658e-06
9.019000010620662754e-06
9.576867842481208496e-06
8.005411204261950897e-06
1.208318639201674454e-05
8.782641283622589045e-06
7.820253307841085541e-06
6.929747821118325898e-06
1.043178397503652301e-05
1.371649894264724784e-04
1.582166958440406497e-04
8.782039907747015266e-06
6.847884811317531656e-06
6.202862582199486788e-06
5.885085916832264862e-06
5.623662158768638558e-06
5.527567189915317049e-06
5.279148274293480379e-06
5.078774187869125304e-06
5.050503135229129411e-06
5.061484376061084439e-06
4.598744759472797654e-06
5.014361105151822663e-06
4.565154260051583063e-06
4.297987591371565995e-06
4.946115901199326270e-06
7.088376547618021837e-06
4.158227977638619226e-06
3.939858599730021721e-06
3.074223841951736797e-04
6.394072278307508461e-06
4.868814062401075452e-06
4.318344614846734861e-06
4.029134370106086692e-06
3.768505390114893951e-06
3.580576890905311665e-06
3.441633797284079495e-06
3.335257264991144218e-06
3.232933586673425568e-06
3.149274922926841606e-06
3.058828731273674205e-06
2.904823716335158835e-06
2.973824472893024354e-06
2.823927348718565866e-06
2.889041110474213980e-06
2.706961729196726432e-06
2.743686073975888121e-06
2.618832437990802025e-06
2.547843672687122453e-06
3.164583761076755601e-06
2.636401971764306547e-06
2.209146835882945357e-06
2.909552624633501599e-06
2.427673990674910295e-06
1.928791469627607722e-06
1.990677980643340595e-06
1.655977244419253718e-06
2.712580580058394392e-06
1.418887106006292974e-05
2.003042910473595751e-06
1.440603316447257941e-06
1.312620078416720016e-06
1.240271654751268136e-06
1.229864683685783679e-06
1.239471879622604905e-06
1.163024149962309006e-06
1.131256834258108075e-06
1.101353224271406397e-06
1.115330065756227461e-06
1.231947515228577243e-06
1.084721794411182441e-06
1.135503778462927133e-06
1.319017827053617788e-06
1.957703740929771048e-06
1.196629188013633109e-06
8.591909186666920634e-07
7.831103474375465327e-07
8.717786447830024375e-07
4.332905807031498663e-05
1.960298333675122408e-06
9.286978550042996971e-07
7.970191146244230949e-07
7.267533837713407687e-07
6.880193680639682191e-07
6.584150320187680467e-07
6.439989902803842492e-07
6.227676195099515829e-07
6.081717906454287368e-07
5.962665962247878983e-07
5.886701980638722863e-07
5.800105050996405578e-07
5.761443583196523959e-07
5.637897922627286904e-07
5.464944976308417894e-07
5.512698390280742559e-07
5.324775551278955022e-07
5.210062575997654012e-07
5.050819815031510238e-07
5.140750545089238776e-07
5.049816760122536594e-07
5.178843621739101280e-07
5.673896652719381836e-07
1.754267106603687521e-05
6.384221554266592874e-07
4.908393561566169873e-07
4.422077038108389841e-07
4.235915403926680874e-07
4.137306735531507823e-07
4.109805663249841814e-07
4.042785313101506255e-07
3.988550269826061511e-07
4.047310768393280020e-07
3.978237130175850067e-07
3.968873169404624883e-07
3.877501055415320637e-07
3.853585128419061809e-07
3.916768874562746864e-07
3.790317363804466192e-07
3.643848812901393920e-07
3.424910734111108485e-07
3.876667616071114801e-07
3.573428904571430963e-07
8.548330760049793626e-07
1.331007120969778564e-05
4.875588786035223166e-07
4.454145768347319036e-07
4.156076086668950384e-07
3.923508283573288182e-07
3.775763823179139396e-07
3.578370440046845728e-07
3.463416326050199712e-07
3.356460061435687314e-07
3.271392600449221993e-07
3.195091775621351750e-07
3.193476500363041592e-07
3.089681892203900733e-07
2.950873751745218588e-07
3.098369746632150537e-07
2.826640893057888741e-07
2.832002479310956112e-07
3.191355878340930537e-07
3.106635319746991306e-07
1.141881660308692044e-06
3.057834643414025536e-07
2.671239142760636375e-07
2.602864246260391479e-07
2.550664930822677085e-07
2.511665184588959416e-07
2.489442048759623594e-07
2.473858782780423468e-07
2.432392117270865137e-07
2.409740063577763338e-07
2.555352043762988242e-07
2.290443954312390050e-07
2.351243230447965173e-07
2.330551298947674190e-07
2.824374818136773002e-04
2.088625831788704141e-06
1.399687430502386309e-06
1.102961723518092177e-06
9.034671089206572835e-07
7.680274778749663292e-07
6.627971419318003363e-07
5.780736559342715816e-07
5.041793636369870646e-07
4.502583012221553421e-07
4.079295564127148495e-07
3.760167801211927005e-07
3.472154939864984747e-07
3.212755514953512040e-07
3.047379767297440612e-07
2.895378822813654759e-07
2.755212348769678835e-07
2.647493219975720998e-07
2.548970546578337853e-07
2.463903450689031182e-07
2.393822551474451338e-07
2.327575177300137247e-07
2.274184068775347053e-07
2.239782756500322352e-07
2.202657742113193109e-07
2.154801753704305042e-07
2.116142309042905667e-07
2.081997717726023503e-07
2.062582619178751171e-07
2.037377839769760612e-07
2.022391111852682286e-07
2.002551824164454300e-07
1.919528687039928748e-07
1.953845402340448362e-07
1.977772335846696365e-07
1.936048158605834456e-07
1.921913669613266840e-07
1.998125102805456103e-07
1.892452153729859131e-07
1.878997592257292059e-07
1.853452122791817925e-07
1.884021869825249016e-07
1.894154624518965383e-07
1.816327248564318372e-07
2.036018609195317883e-07
1.966025296269435747e-07
1.823054615377779045e-07
1.717638406424677182e-07
1.862393663551691553e-07
2.312408182823284170e-06
1.987649608606391623e-07
1.779967413345470338e-07
1.709973990955404698e-07
1.670294016581205440e-07
1.642449940878317885e-07
1.627463595923472913e-07
1.619374333878503102e-07
1.604302766509135954e-07
1.596383896185216145e-07
1.592637314940605203e-07
1.574755788981617133e-07
1.585144176163209616e-07
1.573052923211954678e-07
1.559003260191665071e-07
1.566155793528066255e-07
1.549636807892186748e-07
1.569902766505038072e-07
1.533032458058057312e-07
1.555938030151082721e-07
1.564197421138097928e-07
1.540185103457198527e-07
1.607795907635331104e-07
1.555256679271873795e-07
1.604899921890786920e-07
1.670636924343073432e-07
1.999957981169667881e-04
2.299468607832620588e-06
1.316148560964133301e-06
9.325009746622266685e-07
7.164991964633113376e-07
5.686331317714834904e-07
4.672863596104954215e-07
3.929871314117657932e-07
3.461008359246469670e-07
3.071134660461081606e-07
2.770248939246552481e-07
2.515110801043972413e-07
2.298219889423437821e-07
2.135059881343944981e-07
2.002476203415426421e-07
1.901569609442178950e-07
1.817779679283505861e-07
1.754170501076909594e-07
1.700099087266997762e-07
1.655905575229813272e-07
1.624825247452983150e-07
1.595788739093352827e-07
1.571009900252257944e-07
1.554235251757875534e-07
1.539419125070448159e-07
1.529286245321210447e-07
1.517109728378532595e-07
1.506040216716948110e-07
1.499909446433126212e-07
1.490628027503199818e-07
1.482283290345419221e-07
1.476237642269292485e-07
1.469170170074513754e-07
1.460314627073395333e-07
1.451544104286637959e-07
1.452651068478059821e-07
1.440815235420294552e-07
1.433407225022165120e-07
1.452821611077784494e-07
1.454354367556983887e-07
1.411949381723128933e-07
1.418420821762213535e-07
1.405392890936647195e-07
1.405648440757951335e-07
1.427361727987122888e-07
1.420464558350431525e-07
1.842576277307931119e-07
1.376441977721956920e-07
1.374228135416290332e-07
1.365372501465701914e-07
1.362477412547897376e-07
1.466190662508129925e-07
1.345447471651693602e-07
1.354984262401818007e-07
1.369034036997618412e-07
1.604567623384615037e-07
1.334463195722232008e-07
1.327566063439787323e-07
1.345277260530305464e-07
2.403844246308446155e-07
1.131406754853157610e-05
2.792066817391969189e-07
2.233176845071024593e-07
1.973020467208438418e-07
1.802967267719525573e-07
1.684689116733092619e-07
1.600218552571927188e-07
1.534481664131297903e-07
1.483902099315465705e-07
1.447627785345113263e-07
1.416973636391308757e-07
1.392535528371549286e-07
1.375846100180362023e-07
1.362051764317584459e-07
1.349534728173499175e-07
1.340764285454757248e-07
1.332760200511984315e-07
1.329013613583031615e-07
1.323904628114697839e-07
1.320754081299518154e-07
1.317262942036125382e-07
1.316156001556529552e-07
1.312750023966405648e-07
1.310025211458716017e-07
1.309854915721838706e-07
1.306448943816056826e-07
1.305001389774978139e-07
1.305427142434772131e-07
1.303213241661589098e-07
1.304149914338787709e-07
1.303128103375326861e-07
1.301339949902415196e-07
1.299126079337448851e-07
1.293250745188093532e-07
1.300062762084053379e-07
1.300403339915387090e-07
1.293506189930277796e-07
1.281840686065801856e-07
1.317007541631807949e-07
1.313346228763683548e-07
1.305767776784705356e-07
1.279626800234317335e-07
1.300147910277311434e-07
1.271963335999056981e-07
1.272474233603913700e-07
4.436152700658827444e-07
1.386149636378572069e-07
1.289163608524696779e-07
1.275539640995962849e-07
1.271707898565312272e-07
1.269238555161272004e-07
1.266939504083503885e-07
1.265066216222164377e-07
1.264555321053454088e-07
1.262341430349676706e-07
1.260297837006873902e-07
1.259701790559120061e-07
1.258169099043828036e-07
1.256806700829266890e-07
1.256380952879356191e-07
1.254507662744280086e-07
1.255614611344364106e-07
1.263192946063489742e-07
1.258339416868433846e-07
1.259190893766312241e-07
1.250505638219172844e-07
1.269408886628298195e-07
1.251016540046683622e-07
1.334718997278676901e-07
1.250165045770960021e-07
1.245566961155678293e-07
1.249568999323205916e-07
1.242501572278342915e-07
1.265492075909995442e-07
1.247014505452170729e-07
1.235945058429673946e-07
1.239010445033272726e-07
1.241224333788133176e-07
1.243353073050457174e-07
1.243182770492369805e-07
1.253571053731710447e-07
1.704635972633436063e-07
1.293081061411222763e-07
1.235945057455215479e-07
1.233901468335066735e-07
1.231517283193690173e-07
1.231261834391261682e-07
1.230325189323723761e-07
1.229814293992603905e-07
1.229218246245571668e-07
1.229643994682711600e-07
1.228451898539008590e-07
1.228366746772735541e-07
1.227259805318681244e-07
1.226834059804916975e-07
1.229303397362205652e-07
1.236370814012843866e-07
1.228111300568863312e-07
1.232794524769685408e-07
1.231857884087211116e-07
1.225045915264542663e-07
1.228281601827672813e-07
1.230069745393588395e-07
1.233049976170670163e-07
1.235604477999783971e-07
1.232283632849170448e-07
1.218915145955179496e-07
1.225556811570121250e-07
1.221469636090789857e-07
1.225556831059293487e-07
1.223938980956518089e-07
1.229133105523163000e-07
1.220447838120110588e-07
1.236115384699587611e-07
1.218744848431794821e-07
1.219000301294467275e-07
1.221810239745276894e-07
1.220618141327837022e-07
1.218489403039971490e-07
1.220532994109037432e-07
1.221384489359219765e-07
1.217041860692396252e-07
1.215764616030615521e-07
1.231432156113701886e-07
1.219426054279080932e-07
1.213806174129266366e-07
1.211421988338250739e-07
1.214061624880612055e-07
1.219255753994730161e-07
1.218063654278012158e-07
1.211592286024045246e-07
1.226578625294548194e-07
1.209889295848500247e-07
1.207590257601103610e-07
1.210740793047599776e-07
1.211932887567205254e-07
1.214317072383762150e-07
1.213210129305610057e-07
1.223172655987322577e-07
1.208867499989147743e-07
1.207419958291211570e-07
1.210400192478898235e-07
1.212103188176375426e-07
1.208016005713424141e-07
1.211166538236544380e-07
1.205802116308924626e-07
1.208867501288425874e-07
1.212103183304082300e-07
1.206398164055956598e-07
1.451206848059882831e-07
1.288142574691976591e-07
1.206313014563420411e-07
1.204184274976276748e-07
1.204184275301096413e-07
1.204099126783018692e-07
1.203673378021059359e-07
1.203928827473126652e-07
1.203588228528522907e-07
1.203673378021059359e-07
1.203673376072141897e-07
1.203843676356492668e-07
1.203928827473126652e-07
1.206483313873312451e-07
1.201459490240657640e-07
1.202736733927979905e-07
1.203332781025372811e-07
1.206057567709909381e-07
1.206568464015487968e-07
1.204524872621602361e-07
1.203417929543450533e-07
1.204269424468813200e-07
1.204865469942108574e-07
1.201459490565477041e-07
1.221043905681134197e-07
1.204354573311710321e-07
1.203673379645156891e-07
1.200948592473391089e-07
1.204865474164762369e-07
1.263363620864765748e-07
1.200437696330222334e-07
1.199926797750906884e-07
1.200352546837685882e-07
1.199075302500724816e-07
1.200693143833372430e-07
1.200182247202974441e-07
1.199756498441014844e-07
1.205887267425558610e-07
1.200267395396232497e-07
1.202907032588232879e-07
1.202140686830586734e-07
1.200267396695510629e-07
1.255104049602908079e-07
1.199160451993261003e-07
1.199075302500724816e-07
1.199501050937864748e-07
1.199330752277611774e-07
1.199330751303153043e-07
1.198308956093439605e-07
1.198734705180218603e-07
1.203503085532377377e-07
1.209804150903437519e-07
1.199501051262684149e-07
1.201033742128337109e-07
1.198990152033729898e-07
1.198819854347935390e-07
1.200352544563949284e-07
1.199926797750906884e-07
1.200182246553335376e-07
1.200607993366377511e-07
1.202310984841200642e-07
1.198308956093439605e-07
1.199160451018802272e-07
1.198053507615830779e-07
1.206909061335993917e-07
1.199075302500724816e-07
1.197968357473655526e-07
1.197968358448113992e-07
1.198649554388404284e-07
1.201374338799203991e-07
1.197712909645685765e-07
1.200863442168806003e-07
1.199415900470869830e-07
1.197798059138221952e-07
1.199245601485797191e-07
1.199926797426087483e-07
1.197372312000360151e-07
1.198223807250542484e-07
1.198649555038043350e-07
1.198734702906482005e-07
1.197116861898653793e-07
1.197798058813402551e-07
1.198308956418259270e-07
1.197883208630758404e-07
1.223598435282318529e-07
1.196605964293797074e-07
1.196435666283183165e-07
1.196520816100538753e-07
1.196435665958363500e-07
1.196776263928508514e-07
1.196009917521223568e-07
1.197712909645685765e-07
1.195584171682639898e-07
1.198564403921409366e-07
1.196946563238400554e-07
1.198138656133908500e-07
1.197798058488582886e-07
1.196095068313037886e-07
1.201033743427615240e-07
1.196435665308724434e-07
1.197798057838943820e-07
1.199160451993261003e-07
1.196520815126080287e-07
1.196009918495682034e-07
1.196605964943436139e-07
1.198223805951264352e-07
1.196435665958363500e-07
1.196435665308724434e-07
1.199075302500724816e-07
1.196605964293797074e-07
1.196520815450899687e-07
1.196180217155935273e-07
1.196180216506296207e-07
1.196520814476441221e-07
1.201459489266198909e-07
1.198819853373476924e-07
1.195839618536150928e-07
1.195839618860970594e-07
1.196009917521223568e-07
1.196265366323651795e-07
1.252805178312753189e-07
1.201289189956306870e-07
1.195073273428144114e-07
1.194988123935607926e-07
1.195328721905752940e-07
1.194732674483540369e-07
1.194988123610788261e-07
1.194902973793432409e-07
1.194902973468613008e-07
1.195413870748650062e-07
1.194817823976076556e-07
1.195243572738036153e-07
1.194562374848828664e-07
1.195499020890825315e-07
1.196435665308724434e-07
1.196520814963670454e-07
1.195328721580933275e-07
1.197542610985432791e-07
1.195328721256113875e-07
1.195413870099010996e-07
1.193966329050713889e-07
1.195754469368434142e-07
1.196265366973290861e-07
1.227941069795893633e-07
1.198394106560434523e-07
1.194562374848828664e-07
1.194477225681112142e-07
1.194477226005931542e-07
1.194306926371219837e-07
1.194136627061327797e-07
1.193966328401074823e-07
1.194562375823287395e-07
1.194988122311510130e-07
1.297168293896382638e-07
1.198649554713223685e-07
1.194306926371219837e-07
1.194221776229044584e-07
1.193966327751435757e-07
1.194136626736508397e-07
1.194136627710966863e-07
1.194051477243971945e-07
1.194051477568791610e-07
1.194136626736508397e-07
1.193881178908538636e-07
1.193966327751435757e-07
1.193966328076255423e-07
1.193966328401074823e-07
1.194562374848828664e-07
1.194562375173648329e-07
1.193625730755749210e-07
1.196095067663398821e-07
1.194051477893611010e-07
1.195584169084083635e-07
1.195328721580933275e-07
1.194136627061327797e-07
1.193710879923465996e-07
1.194392076188575690e-07
1.194306926046400437e-07
1.200607994990475308e-07
1.194221776553864249e-07
1.194051477568791610e-07
1.193796028766363118e-07
1.193881178908538636e-07
1.194477225356292476e-07
1.193370281303681917e-07
1.195584169084083635e-07
1.194477225031473076e-07
1.194647524016545450e-07
1.193540581263213022e-07
1.195924767054228649e-07
1.196776263928508514e-07
1.194392076838214755e-07
1.194221777203503315e-07
1.194477226330751207e-07
1.194136627061327797e-07
1.193710880248285662e-07
1.196776261979591317e-07
1.193370281303681917e-07
1.193710879923465996e-07
1.194732675133179434e-07
1.193625730106110144e-07
1.200011950166818999e-07
1.193625729781290743e-07
1.193285132135965130e-07
1.194136627386147462e-07
1.193966329375533554e-07
1.193540580938393622e-07
1.193796028766363118e-07
1.193029683008717238e-07
1.194562374848828664e-07
1.194647524666184516e-07
1.194221776553864249e-07
1.194647525315823582e-07
1.194051478218430676e-07
1.194988122311510130e-07
1.193710879598646596e-07
1.193370281628501317e-07
1.193966328401074823e-07
1.194221777203503315e-07
1.194051477568791610e-07
1.193199982968248343e-07
1.193285132460784795e-07
1.195073272778505048e-07
1.194051477568791610e-07
1.194221776229044584e-07
1.193370281628501317e-07
1.194221777203503315e-07
1.195158422595860900e-07
1.193966327751435757e-07
1.196605963319338343e-07
1.193285132135965130e-07
1.193625730106110144e-07
1.193881178583718971e-07
1.192859384023644598e-07
1.194051477568791610e-07
1.192859384023644598e-07
1.193370281303681917e-07
1.193455430796218104e-07
1.193796029091182783e-07
1.193796029740821849e-07
1.194562375498467729e-07
1.193881179233358036e-07
1.193285131811145729e-07
1.193455431121037769e-07
1.194221777203503315e-07
1.193540580613573957e-07
1.192944533191361385e-07
1.193540580613573957e-07
1.193455430796218104e-07
1.195924767054228649e-07
1.193285132135965130e-07
1.192859384023644598e-07
1.193285132135965130e-07
1.193199982643428943e-07
1.193881178908538636e-07
1.193370281628501317e-07
1.194306926371219837e-07
1.193199982318609277e-07
1.193285132135965130e-07
1.195158421621402169e-07
1.193199982318609277e-07
1.193285131811145729e-07
1.193114833150892491e-07
1.192689085038572224e-07
1.198053507615830779e-07
1.193029683008717238e-07
1.193114832826073090e-07
1.193370281303681917e-07
1.193625729781290743e-07
1.193370280978862252e-07
1.193114833150892491e-07
1.193114832176434024e-07
1.193370281303681917e-07
1.193114832826073090e-07
1.193114832501253425e-07
1.193199982318609277e-07
1.193540580613573957e-07
1.193455431121037769e-07
1.192774234531108411e-07
1.193199981993789877e-07
1.192859384348464263e-07
1.193625730430929809e-07
1.192944533516181050e-07
1.193285132135965130e-07
1.193370281953320982e-07
1.193029683333536903e-07
1.195243571113938357e-07
1.193370281303681917e-07
1.193199982318609277e-07
1.193710879598646596e-07
1.193199982643428943e-07
1.194221777203503315e-07
1.192944533841000451e-07
1.193285131811145729e-07
1.192433636236143732e-07
1.192859384023644598e-07
1.194902972818973942e-07
1.192689085038572224e-07
1.193625730430929809e-07
1.192944533516181050e-07
1.193199982318609277e-07
1.192944533516181050e-07
1.193029682683897837e-07
1.194306926046400437e-07
1.192774234531108411e-07
1.192944533516181050e-07
1.192774234206289010e-07
1.193029683008717238e-07
1.194732674158720968e-07
1.192603935546035772e-07
1.192603935221216371e-07
1.192603935546035772e-07
1.192689084713752558e-07
1.193114832826073090e-07
1.193455431121037769e-07
1.192689085038572224e-07
1.200097099334535786e-07
1.192859383698825198e-07
1.192689085038572224e-07
1.192859384023644598e-07
1.192859384023644598e-07
1.192774234531108411e-07
1.193029683008717238e-07
1.192774234531108411e-07
1.192603935221216371e-07
1.195669319551078554e-07
1.192603935546035772e-07
1.192859384023644598e-07
1.193029683008717238e-07
1.192603935221216371e-07
1.195924768028687380e-07
1.192859384023644598e-07
1.192774234206289010e-07
1.193370280978862252e-07
1.192944534165820116e-07
1.194221776553864249e-07
1.192944533841000451e-07
1.192689085038572224e-07
1.192603935221216371e-07
1.193370280978862252e-07
1.192944533841000451e-07
1.193029683008717238e-07
1.192774234206289010e-07
1.192689084713752558e-07
1.193114833150892491e-07
1.193625729781290743e-07
1.192603935221216371e-07
1.192603935221216371e-07
1.193285131811145729e-07
1.192944533516181050e-07
1.193285131486326064e-07
1.192774234531108411e-07
1.192774234531108411e-07
1.192433635911324331e-07
1.193370281303681917e-07
1.192944533841000451e-07
1.192944533841000451e-07
1.192518785728680184e-07
1.192603935221216371e-07
1.193285131811145729e-07
1.193029683008717238e-07
1.192689085038572224e-07
1.192518785728680184e-07
1.192348486418787879e-07
1.192859384023644598e-07
1.193285132460784795e-07
1.192518785403860519e-07
1.192518785403860519e-07
1.192944533841000451e-07
1.192518785403860519e-07
1.192518785403860519e-07
1.192518785728680184e-07
1.192859383698825198e-07
1.192689085038572224e-07
1.192603934896396706e-07
1.192944533841000451e-07
1.192603935221216371e-07
1.192689084713752558e-07
1.192944533516181050e-07
1.192263336926251692e-07
1.193199981993789877e-07
1.192859384023644598e-07
1.192603935221216371e-07
1.192518785728680184e-07
1.192774234855928076e-07
1.192944534165820116e-07
1.192774234206289010e-07
1.193455430471398704e-07
1.192603935221216371e-07
1.192433635586504666e-07
1.192433636236143732e-07
1.195839617236872797e-07
1.192518785403860519e-07
1.192518785728680184e-07
1.192774233881469345e-07
1.192603935221216371e-07
1.192433636236143732e-07
1.192433635911324331e-07
1.192348486093968479e-07
1.192689084713752558e-07
1.192689085038572224e-07
1.193370280978862252e-07
1.192348486418787879e-07
1.192603935546035772e-07
1.192518785403860519e-07
1.193625730430929809e-07
1.192859384348464263e-07
1.192433636236143732e-07
1.193114832501253425e-07
1.192348486093968479e-07
1.192433635911324331e-07
1.192518785728680184e-07
1.192518785403860519e-07
1.192859383698825198e-07
1.192518785728680184e-07
1.193114832501253425e-07
1.192774234206289010e-07
1.192518785728680184e-07
1.192944533516181050e-07
1.192433635911324331e-07
1.192348486418787879e-07
1.192178187108895839e-07
1.193029682846307405e-07
1.193029683658356303e-07
1.192859384348464263e-07
1.192433635911324331e-07
1.192348486418787879e-07
1.192859384023644598e-07
1.194477224706653411e-07
1.192689085038572224e-07
1.192348486418787879e-07
1.192433635911324331e-07
1.193114832501253425e-07
1.193114832176434024e-07
1.192859384023644598e-07
1.192689084713752558e-07
1.192689085038572224e-07
1.192603935221216371e-07
1.192433636236143732e-07
1.192263336601432291e-07
1.192859383698825198e-07
1.192603935221216371e-07
1.194732674483540369e-07
1.192433636236143732e-07
1.192178187108895839e-07
1.192433635911324331e-07
1.192348486418787879e-07
1.192689085038572224e-07
1.192433636236143732e-07
1.192348486418787879e-07
1.192603935221216371e-07
1.192518785403860519e-07
1.192689084388933158e-07
1.192518785403860519e-07
1.192774234206289010e-07
1.192518785728680184e-07
1.192689085038572224e-07
1.192603935221216371e-07
1.192603935221216371e-07
1.192603935546035772e-07
1.192689084713752558e-07
1.192348486418787879e-07
1.193029683008717238e-07
1.192433635911324331e-07
1.192348486418787879e-07
1.192348486418787879e-07
1.192689084713752558e-07
1.192263336926251692e-07
1.192689085038572224e-07
1.192518785728680184e-07
1.192433636236143732e-07
1.192859383698825198e-07
1.192263336601432291e-07
1.192348486093968479e-07
1.192263336926251692e-07
1.192433635911324331e-07
1.192774233881469345e-07
1.192518785403860519e-07
1.192603935221216371e-07
1.192348486418787879e-07
1.192348486418787879e-07
1.192178187108895839e-07
1.192944533516181050e-07
1.192093037616359652e-07
1.192774234531108411e-07
1.192774234531108411e-07
1.192603935546035772e-07
1.192178187108895839e-07
1.192093037616359652e-07
1.192603935546035772e-07
1.192433636236143732e-07
1.192348486418787879e-07
1.193796028116724052e-07
1.192348486418787879e-07
1.192603935221216371e-07
1.192263336601432291e-07
1.192178187108895839e-07
1.192178187108895839e-07
1.192689085038572224e-07
1.192348486418787879e-07
1.192348486418787879e-07
1.192348486418787879e-07
1.192518785403860519e-07
1.192093037616359652e-07
1.192178187108895839e-07
1.192774234531108411e-07
1.192093037616359652e-07
1.192689085038572224e-07
1.192518785403860519e-07
1.192518785728680184e-07
1.192433635911324331e-07
1.192518785403860519e-07
1.192348486418787879e-07
1.192433635911324331e-07
1.192433636236143732e-07
1.192263336926251692e-07
1.192348486418787879e-07
1.192348486093968479e-07
1.192603935221216371e-07
1.192433635911324331e-07
1.192518785728680184e-07
1.192178187108895839e-07
1.192348486093968479e-07
1.192433635911324331e-07
1.192263336926251692e-07
1.192603935221216371e-07
1.192603935221216371e-07
1.192433635911324331e-07
1.192348486418787879e-07
1.192518785403860519e-07
1.192603935221216371e-07
1.192348486093968479e-07
1.192263336601432291e-07
1.192433636236143732e-07
1.192178187108895839e-07
1.192093037616359652e-07
1.192348486093968479e-07
1.192348486418787879e-07
1.192263336926251692e-07
1.192518785728680184e-07
1.193029683333536903e-07
1.192178187108895839e-07
1.192263336926251692e-07
1.192093037616359652e-07
1.192433635911324331e-07
1.192263336926251692e-07
1.192348486418787879e-07
1.192433636236143732e-07
1.192263336601432291e-07
1.192859383698825198e-07
1.192603935546035772e-07
1.192348486418787879e-07
1.192518785728680184e-07
1.192263336601432291e-07
1.192263336926251692e-07
1.192603935546035772e-07
1.192348486418787879e-07
1.192263336926251692e-07
1.192348486418787879e-07
1.192774234206289010e-07
1.192178187108895839e-07
1.192178187108895839e-07
1.192263336926251692e-07
1.192433635911324331e-07
1.192263336926251692e-07
1.192433636236143732e-07
1.192944533191361385e-07
1.192178187108895839e-07
1.192348486418787879e-07
1.192689084713752558e-07
1.192178187108895839e-07
1.192263336601432291e-07
1.192348486418787879e-07
1.193370280978862252e-07
1.192348486093968479e-07
1.192348486418787879e-07
1.192433635911324331e-07
1.192603935221216371e-07
1.192348486418787879e-07
1.192433635911324331e-07
1.192263336601432291e-07
1.192689084713752558e-07
1.192178187108895839e-07
1.192348486418787879e-07
1.192433635911324331e-07
1.192603935221216371e-07
1.192263336926251692e-07
1.192348486093968479e-07
1.192689084713752558e-07
1.192689084713752558e-07
1.192348486418787879e-07
1.192689084388933158e-07
1.192433636236143732e-07
1.192433635911324331e-07
1.192774234206289010e-07
1.192093037616359652e-07
1.192433636236143732e-07
1.192178187108895839e-07
1.192178187108895839e-07
1.192518785403860519e-07
1.192178187108895839e-07
1.192348486418787879e-07
1.192263336926251692e-07
1.192433635911324331e-07
1.192348486418787879e-07
1.192859383698825198e-07
1.192433636236143732e-07
1.192178187108895839e-07
1.194817822676798425e-07
1.192263336601432291e-07
1.192263336926251692e-07
1.192263336926251692e-07
1.192093037616359652e-07
1.192433636236143732e-07
1.192603934896396706e-07
1.192263336926251692e-07
1.192178187108895839e-07
1.192263336926251692e-07
1.192093037616359652e-07
1.192178187108895839e-07
1.192774233881469345e-07
1.192348486418787879e-07
1.192774234531108411e-07
1.192263336926251692e-07
1.192433636236143732e-07
1.192093037616359652e-07
1.192263336926251692e-07
1.192433635911324331e-07
1.192348486418787879e-07
1.192178187108895839e-07
1.192263336926251692e-07
1.192348486418787879e-07
1.192263336926251692e-07
1.192263336926251692e-07
1.192263336926251692e-07
1.193029683008717238e-07
1.192093037616359652e-07
1.192433636236143732e-07
1.192348486418787879e-07
1.192263336926251692e-07
1.192263336926251692e-07
1.192348486093968479e-07
1.192603935221216371e-07
1.192263336601432291e-07
1.192263336926251692e-07
1.192093037616359652e-07
1.192348486418787879e-07
1.192433635911324331e-07
1.192603935546035772e-07
1.192348486418787879e-07
1.192093037616359652e-07
1.192093037616359652e-07
1.192178187108895839e-07
1.192263336601432291e-07
1.192603935221216371e-07
1.192093037616359652e-07
1.192093037616359652e-07
1.192178187108895839e-07
1.192263336926251692e-07
1.192263336601432291e-07
1.192178187108895839e-07
1.192263336926251692e-07
1.192093037616359652e-07
1.192178187108895839e-07
1.192178187108895839e-07
1.192178187108895839e-07
1.192263336926251692e-07
1.192689084713752558e-07
1.192433635911324331e-07
1.192093037616359652e-07
1.192263336601432291e-07
1.192433635911324331e-07
1.192093037616359652e-07
1.192263336926251692e-07
1.192518785728680184e-07
1.192433635911324331e-07
1.192093037616359652e-07
1.192093037616359652e-07
1.192093037616359652e-07
1.192433636236143732e-07
1.192093037616359652e-07
1.192093037616359652e-07
1.192178187108895839e-07
1.192433636236143732e-07
1.192093037616359652e-07
1.192093037616359652e-07
1.192093037616359652e-07
1.192093037616359652e-07
1.192603935221216371e-07
1.192178187108895839e-07
1.192178187108895839e-07
1.192093037616359652e-07
1.192518785728680184e-07
1.192263336926251692e-07
1.192518785728680184e-07
1.192178187108895839e-07
1.192093037616359652e-07
1.192348486418787879e-07
1.192433636236143732e-07
1.192093037616359652e-07
1.192774234206289010e-07
1.192093037616359652e-07
1.192178187108895839e-07
1.192093037616359652e-07
1.192348486418787879e-07
1.192689084713752558e-07
1.192093037616359652e-07
1.192178187108895839e-07
1.192263336601432291e-07
1.192348486418787879e-07
1.192263336601432291e-07
1.192263336926251692e-07
1.192178187108895839e-07
1.192518785728680184e-07
1.192093037616359652e-07
1.192178187108895839e-07
1.192263336601432291e-07
1.192433636236143732e-07
1.192348486418787879e-07
1.192263336926251692e-07
1.192093037616359652e-07
1.192093037616359652e-07
1.192093037616359652e-07
1.192859383698825198e-07
1.192093037616359652e-07
1.192348486418787879e-07
1.192433636236143732e-07
1.192263336601432291e-07
1.192093037616359652e-07
1.192178187108895839e-07
1.192433635911324331e-07
1.192348486418787879e-07
1.192093037616359652e-07
1.192093037616359652e-07
1.192178187108895839e-07
1.192348486093968479e-07
1.192093037616359652e-07
1.192093037616359652e-07
1.192518785403860519e-07
1.192944533191361385e-07
1.192263336926251692e-07
1.192093037616359652e-07
1.192093037616359652e-07
1.192263336926251692e-07
1.192178187108895839e-07
1.192518785728680184e-07
1.192518785728680184e-07
1.192093037616359652e-07
1.192348486418787879e-07
1.192178187108895839e-07
1.192263336926251692e-07
1.192093037616359652e-07
1.192093037616359652e-07
1.192433635911324331e-07
1.192433636236143732e-07
1.192263336926251692e-07
1.192178187108895839e-07
1.192093037616359652e-07
1.192093037616359652e-07
1.192178187108895839e-07
1.192093037616359652e-07
1.192093037616359652e-07
1.192093037616359652e-07
1.192178187108895839e-07
1.192093037616359652e-07
1.192178187108895839e-07
1.192518785728680184e-07
1.192263336601432291e-07
1.192433635911324331e-07
1.192093037616359652e-07
1.192093037616359652e-07
1.192263336926251692e-07
1.192178187108895839e-07
1.192093037616359652e-07
1.192093037616359652e-07
1.192178187108895839e-07
1.192178187108895839e-07
1.192093037616359652e-07
1.192178187108895839e-07
1.192944533191361385e-07
1.192178187108895839e-07
1.192093037616359652e-07
1.192433635911324331e-07
1.192263336926251692e-07
1.192093037616359652e-07
1.192263336926251692e-07
1.192178187108895839e-07
1.192093037616359652e-07
1.192433636236143732e-07
1.192603935221216371e-07
1.192093037616359652e-07
1.192093037616359652e-07
1.192093037616359652e-07
1.192093037616359652e-07
1.192178187108895839e-07
1.192178187108895839e-07
1.192178187108895839e-07
1.192178187108895839e-07
1.192093037616359652e-07
1.192093037616359652e-07
1.192178187108895839e-07
1.192348486418787879e-07
1.192263336926251692e-07
1.192093037616359652e-07
1.192093037616359652e-07
1.192263336926251692e-07
1.195839618860970594e-07
1.192263336926251692e-07
1.192093037616359652e-07
1.192093037616359652e-07
1.192093037616359652e-07
1.192263336601432291e-07
1.192093037616359652e-07
1.192093037616359652e-07
1.192178187108895839e-07
1.192093037616359652e-07
1.192348486418787879e-07
1.192093037616359652e-07
1.192093037616359652e-07
1.192263336926251692e-07
1.192093037616359652e-07
1.192263336926251692e-07
1.192093037616359652e-07
1.192093037616359652e-07
1.192348486418787879e-07
1.192093037616359652e-07
1.192603935221216371e-07
1.192263336926251692e-07
1.192178187108895839e-07
1.192093037616359652e-07
1.192093037616359652e-07
1.192093037616359652e-07
1.192093037616359652e-07
1.192178187108895839e-07
1.192263336926251692e-07
1.192093037616359652e-07
1.192348486418787879e-07
1.192603935221216371e-07
1.192093037616359652e-07
1.192093037616359652e-07
1.192093037616359652e-07
1.192689084713752558e-07
1.192093037616359652e-07
1.192348486418787879e-07
1.192093037616359652e-07
1.192348486418787879e-07
1.192263336926251692e-07
1.192178187108895839e-07
1.192518785728680184e-07
1.192263336926251692e-07
1.192348486418787879e-07
1.192093037616359652e-07
1.192263336601432291e-07
1.192093037616359652e-07
1.192178187108895839e-07
1.192093037616359652e-07
1.192689084713752558e-07
1.192093037616359652e-07
1.192178187108895839e-07
1.192178187108895839e-07
1.192093037616359652e-07
1.192178187108895839e-07
1.192263336926251692e-07
1.192178187108895839e-07
1.192178187108895839e-07
1.192178187108895839e-07
1.192093037616359652e-07
1.192178187108895839e-07
1.192433635911324331e-07
1.192093037616359652e-07
1.192348486418787879e-07
1.192774233881469345e-07
1.192178187108895839e-07
1.192093037616359652e-07
1.192093037616359652e-07
1.192263336926251692e-07
1.192093037616359652e-07
1.192178187108895839e-07
1.192859383374005532e-07
1.192093037616359652e-07
1.192263336926251692e-07
1.192093037616359652e-07
1.192263336926251692e-07
1.192433635911324331e-07
1.192348486418787879e-07
1.192093037616359652e-07
1.192348486418787879e-07
1.192178187108895839e-07
1.192093037616359652e-07
1.192093037616359652e-07
1.192093037616359652e-07
1.192348486418787879e-07
1.192093037616359652e-07
1.192178187108895839e-07
1.192093037616359652e-07
1.192603934896396706e-07
1.192263336926251692e-07
1.192093037616359652e-07
1.192093037616359652e-07
1.192263336926251692e-07
1.192093037616359652e-07
1.192093037616359652e-07
1.192178187108895839e-07
1.192348486418787879e-07
1.192093037616359652e-07
1.192263336926251692e-07
1.192093037616359652e-07
1.192093037616359652e-07
1.192093037616359652e-07
1.192093037616359652e-07
1.192093037616359652e-07
1.192093037616359652e-07
1.192263336926251692e-07
1.192093037616359652e-07
1.192178187108895839e-07
1.192178187108895839e-07
1.192093037616359652e-07
1.192093037616359652e-07
1.192093037616359652e-07
1.192093037616359652e-07
1.192093037616359652e-07
1.192263336926251692e-07
1.192093037616359652e-07
1.192093037616359652e-07
1.192178187108895839e-07
1.192263336926251692e-07
1.192263336926251692e-07
1.192263336926251692e-07
1.192263336926251692e-07
1.192093037616359652e-07
1.192093037616359652e-07
1.192093037616359652e-07
1.192263336926251692e-07
1.192093037616359652e-07
1.192093037616359652e-07
1.192093037616359652e-07
1.192093037616359652e-07
1.192263336926251692e-07
1.192093037616359652e-07
1.192093037616359652e-07
1.192178187108895839e-07
1.192093037616359652e-07
1.192093037616359652e-07
1.192093037616359652e-07
1.192263336926251692e-07
1.192093037616359652e-07
1.192348486418787879e-07
1.192263336926251692e-07
1.192178187108895839e-07
1.192348486418787879e-07
1.192178187108895839e-07
1.192093037616359652e-07
1.192093037616359652e-07
1.192093037616359652e-07
1.192093037616359652e-07
1.192093037616359652e-07
1.192178187108895839e-07
1.192263336926251692e-07
1.192348486418787879e-07
1.192093037616359652e-07
1.192093037616359652e-07
1.192263336926251692e-07
1.192178187108895839e-07
1.192093037616359652e-07
1.192093037616359652e-07
1.192093037616359652e-07
1.192093037616359652e-07
1.192263336926251692e-07
1.192093037616359652e-07
1.192093037616359652e-07
1.192093037616359652e-07
1.192093037616359652e-07
1.192178187108895839e-07
1.192518785403860519e-07
1.192263336926251692e-07
1.192093037616359652e-07
1.192348486418787879e-07
1.192093037616359652e-07
1.192178187108895839e-07
1.192093037616359652e-07
1.192178187108895839e-07
1.192093037616359652e-07
1.192093037616359652e-07
1.192093037616359652e-07
1.192178187108895839e-07
1.192263336926251692e-07
1.192093037616359652e-07
1.192263336926251692e-07
1.192093037616359652e-07
1.192093037616359652e-07
1.192093037616359652e-07
1.192178187108895839e-07
1.192348486418787879e-07
1.192263336926251692e-07
1.192093037616359652e-07
1.192178187108895839e-07
1.192178187108895839e-07
1.192093037616359652e-07
1.192093037616359652e-07
1.192093037616359652e-07
1.192093037616359652e-07
1.192178187108895839e-07
1.192263336926251692e-07
1.192093037616359652e-07
1.192093037616359652e-07
1.192093037616359652e-07
1.192093037616359652e-07
1.192178187108895839e-07
1.192093037616359652e-07
1.192348486418787879e-07
1.192178187108895839e-07
1.192093037616359652e-07
1.192178187108895839e-07
1.192093037616359652e-07
1.192178187108895839e-07
1.192348486418787879e-07
1.192093037616359652e-07
1.192093037616359652e-07
1.192093037616359652e-07
1.192263336926251692e-07
1.192093037616359652e-07
1.192263336926251692e-07
1.192093037616359652e-07
1.192093037616359652e-07
1.192093037616359652e-07
1.192178187108895839e-07
1.192093037616359652e-07
1.192093037616359652e-07
1.192178187108895839e-07
1.192178187108895839e-07
1.192093037616359652e-07
1.192093037616359652e-07
1.192093037616359652e-07
1.192178187108895839e-07
1.192178187108895839e-07
1.192093037616359652e-07
1.192348486418787879e-07
1.192093037616359652e-07
1.192093037616359652e-07
1.192093037616359652e-07
1.192093037616359652e-07
1.192093037616359652e-07
1.192093037616359652e-07
1.192433636236143732e-07
1.192093037616359652e-07
1.192093037616359652e-07
1.192093037616359652e-07
1.192093037616359652e-07
1.192093037616359652e-07
1.192178187108895839e-07
1.192093037616359652e-07
1.192178187108895839e-07
1.192178187108895839e-07
1.192093037616359652e-07
1.192178187108895839e-07
1.192093037616359652e-07
1.192263336926251692e-07
1.192178187108895839e-07
1.192263336926251692e-07
1.192263336926251692e-07
1.192093037616359652e-07
1.192093037616359652e-07
1.192093037616359652e-07
1.192093037616359652e-07
1.192263336926251692e-07
1.192093037616359652e-07
1.192178187108895839e-07
1.192093037616359652e-07
1.192093037616359652e-07
1.192263336926251692e-07
1.192093037616359652e-07
1.192263336601432291e-07
1.192093037616359652e-07
1.192093037616359652e-07
1.192093037616359652e-07
1.192093037616359652e-07
1.192263336926251692e-07
1.192263336926251692e-07
1.192093037616359652e-07
1.192093037616359652e-07
1.192263336926251692e-07
1.192178187108895839e-07
1.192093037616359652e-07
1.192433636236143732e-07
1.192178187108895839e-07
1.192178187108895839e-07
1.192093037616359652e-07
1.192093037616359652e-07
1.192263336926251692e-07
1.192263336926251692e-07
1.192263336926251692e-07
1.192178187108895839e-07
1.192093037616359652e-07
1.192263336926251692e-07
1.192093037616359652e-07
1.192178187108895839e-07
1.192093037616359652e-07
1.192093037616359652e-07
1.192093037616359652e-07
1.192263336926251692e-07
1.192178187108895839e-07
1.192093037616359652e-07
1.192178187108895839e-07
1.192093037616359652e-07
1.192093037616359652e-07
1.192093037616359652e-07
1.192093037616359652e-07
1.192178187108895839e-07
1.192093037616359652e-07
1.192093037616359652e-07
1.192093037616359652e-07
1.192093037616359652e-07
1.192093037616359652e-07
1.192093037616359652e-07
1.192093037616359652e-07
1.192263336926251692e-07
1.192518785728680184e-07
1.192093037616359652e-07
1.192093037616359652e-07
1.192093037616359652e-07
1.192178187108895839e-07
1.192093037616359652e-07
1.192178187108895839e-07
1.192093037616359652e-07
1.192348486418787879e-07
1.192093037616359652e-07
1.192093037616359652e-07
1.192263336926251692e-07
1.192093037616359652e-07
1.192093037616359652e-07
1.192093037616359652e-07
1.192093037616359652e-07
1.192093037616359652e-07
1.192093037616359652e-07
1.192263336926251692e-07
1.192348486418787879e-07
1.192263336926251692e-07
1.192178187108895839e-07
1.192093037616359652e-07
1.192093037616359652e-07
1.192093037616359652e-07
1.192093037616359652e-07
1.192093037616359652e-07
1.192093037616359652e-07
1.192093037616359652e-07
1.192093037616359652e-07
1.192093037616359652e-07
1.192093037616359652e-07
1.192093037616359652e-07
1.192093037616359652e-07
1.192093037616359652e-07
1.192093037616359652e-07
1.192093037616359652e-07
1.192433635911324331e-07
1.192093037616359652e-07
1.192093037616359652e-07
1.192178187108895839e-07
1.192093037616359652e-07
1.192178187108895839e-07
1.192093037616359652e-07
1.192093037616359652e-07
1.192093037616359652e-07
1.192093037616359652e-07
1.192093037616359652e-07
1.192348486418787879e-07
1.192348486418787879e-07
1.192178187108895839e-07
1.192093037616359652e-07
1.192093037616359652e-07
1.192093037616359652e-07
1.192093037616359652e-07
1.192093037616359652e-07
1.192093037616359652e-07
1.192093037616359652e-07
1.192093037616359652e-07
1.192093037616359652e-07
1.192093037616359652e-07
1.192093037616359652e-07
1.192178187108895839e-07
1.192093037616359652e-07
1.192093037616359652e-07
1.192093037616359652e-07
1.192093037616359652e-07
1.192093037616359652e-07
1.192093037616359652e-07
1.192093037616359652e-07
1.192093037616359652e-07
1.192093037616359652e-07
1.192263336926251692e-07
1.192093037616359652e-07
1.192093037616359652e-07
1.192093037616359652e-07
1.192093037616359652e-07
1.192433636236143732e-07
1.192178187108895839e-07
1.192093037616359652e-07
1.192093037616359652e-07
1.192263336926251692e-07
1.192093037616359652e-07
1.192263336601432291e-07
1.192093037616359652e-07
1.192093037616359652e-07
1.192093037616359652e-07
1.192093037616359652e-07
1.192093037616359652e-07
1.192093037616359652e-07
1.192263336926251692e-07
1.192093037616359652e-07
1.192093037616359652e-07
1.192093037616359652e-07
1.192263336926251692e-07
1.192178187108895839e-07
1.192093037616359652e-07
1.192093037616359652e-07
1.192093037616359652e-07
1.192093037616359652e-07
1.192093037616359652e-07
1.192093037616359652e-07
1.192093037616359652e-07
1.192093037616359652e-07
1.192093037616359652e-07
1.192093037616359652e-07
1.192093037616359652e-07
1.192093037616359652e-07
1.192093037616359652e-07
1.192093037616359652e-07
1.192093037616359652e-07
1.192093037616359652e-07
1.192263336926251692e-07
1.192093037616359652e-07
1.192093037616359652e-07
1.192093037616359652e-07
1.192093037616359652e-07
1.192093037616359652e-07
1.192093037616359652e-07
1.192178187108895839e-07
1.192093037616359652e-07
1.192093037616359652e-07
1.192178187108895839e-07
1.192263336926251692e-07
1.192178187108895839e-07
1.192093037616359652e-07
1.192093037616359652e-07
1.192093037616359652e-07
1.192093037616359652e-07
1.192093037616359652e-07
1.192093037616359652e-07
1.192093037616359652e-07
1.192093037616359652e-07
1.192348486418787879e-07
1.192093037616359652e-07
1.192093037616359652e-07
1.192093037616359652e-07
1.192093037616359652e-07
1.192178187108895839e-07
1.192093037616359652e-07
1.192093037616359652e-07
1.192093037616359652e-07
1.192093037616359652e-07
1.192093037616359652e-07
1.192093037616359652e-07
1.192093037616359652e-07
1.192093037616359652e-07
1.192093037616359652e-07
1.192093037616359652e-07
1.192093037616359652e-07
1.192178187108895839e-07
1.192093037616359652e-07
1.192093037616359652e-07
1.192093037616359652e-07
1.192093037616359652e-07
1.192263336926251692e-07
1.192093037616359652e-07
1.192093037616359652e-07
1.192093037616359652e-07
1.192093037616359652e-07
1.192178187108895839e-07
1.192093037616359652e-07
1.192093037616359652e-07
1.192093037616359652e-07
1.192093037616359652e-07
1.192093037616359652e-07
1.192093037616359652e-07
1.192093037616359652e-07
1.192178187108895839e-07
1.192178187108895839e-07
1.192093037616359652e-07
1.192093037616359652e-07
1.192093037616359652e-07
1.192093037616359652e-07
1.192093037616359652e-07
1.192263336926251692e-07
1.192093037616359652e-07
1.192093037616359652e-07
1.192093037616359652e-07
1.192093037616359652e-07
1.192093037616359652e-07
1.192093037616359652e-07
1.192093037616359652e-07
1.192093037616359652e-07
1.192093037616359652e-07
1.192093037616359652e-07
1.192093037616359652e-07
1.192093037616359652e-07
1.192093037616359652e-07
1.192093037616359652e-07
1.192093037616359652e-07
1.192093037616359652e-07
1.192093037616359652e-07
1.192093037616359652e-07
1.192178187108895839e-07
1.192093037616359652e-07
1.192093037616359652e-07
1.192093037616359652e-07
1.192093037616359652e-07
1.192093037616359652e-07
1.192093037616359652e-07
1.192093037616359652e-07
1.192093037616359652e-07
1.192093037616359652e-07
1.192093037616359652e-07
1.192093037616359652e-07
1.192093037616359652e-07
1.192093037616359652e-07
1.192093037616359652e-07
1.192093037616359652e-07
1.192093037616359652e-07
1.192093037616359652e-07
1.192093037616359652e-07
1.192093037616359652e-07
1.192093037616359652e-07
1.192093037616359652e-07
1.192093037616359652e-07
1.192093037616359652e-07
1.192263336926251692e-07
1.192093037616359652e-07
1.192178187108895839e-07
1.192093037616359652e-07
1.192178187108895839e-07
1.192093037616359652e-07
1.192093037616359652e-07
1.192093037616359652e-07
1.192093037616359652e-07
1.192093037616359652e-07
1.192093037616359652e-07
1.192093037616359652e-07
1.192093037616359652e-07
1.192093037616359652e-07
1.192178187108895839e-07
1.192093037616359652e-07
1.192093037616359652e-07
1.192093037616359652e-07
1.192093037616359652e-07
1.192093037616359652e-07
1.192093037616359652e-07
1.192263336926251692e-07
1.192093037616359652e-07
1.192093037616359652e-07
1.192093037616359652e-07
1.192093037616359652e-07
1.192093037616359652e-07
1.192093037616359652e-07
1.192178187108895839e-07
1.192093037616359652e-07
1.192178187108895839e-07
1.192093037616359652e-07
1.192093037616359652e-07
1.192093037616359652e-07
1.192093037616359652e-07
1.192093037616359652e-07
1.192263336926251692e-07
1.192093037616359652e-07
1.192093037616359652e-07
1.192093037616359652e-07
1.192093037616359652e-07
1.192093037616359652e-07
1.192178187108895839e-07
1.192093037616359652e-07
1.192093037616359652e-07
1.192093037616359652e-07
1.192093037616359652e-07
1.192093037616359652e-07
1.192093037616359652e-07
1.192093037616359652e-07
1.192093037616359652e-07
1.192093037616359652e-07
1.192093037616359652e-07
1.192093037616359652e-07
1.192093037616359652e-07
1.192093037616359652e-07
1.192093037616359652e-07
1.192093037616359652e-07
1.192093037616359652e-07
1.192093037616359652e-07
1.192093037616359652e-07
1.192093037616359652e-07
1.192093037616359652e-07
1.192178187108895839e-07
1.192348486418787879e-07
1.192093037616359652e-07
1.192093037616359652e-07
1.192093037616359652e-07
1.192178187108895839e-07
1.192093037616359652e-07
1.192093037616359652e-07
1.192093037616359652e-07
1.192093037616359652e-07
1.192093037616359652e-07
1.192093037616359652e-07
1.192093037616359652e-07
1.192263336926251692e-07
1.192093037616359652e-07
1.192093037616359652e-07
1.192093037616359652e-07
1.192093037616359652e-07
1.192093037616359652e-07
1.192093037616359652e-07
1.192093037616359652e-07
1.192263336926251692e-07
1.192093037616359652e-07
1.192093037616359652e-07
1.192178187108895839e-07
1.192093037616359652e-07
1.192093037616359652e-07
1.192093037616359652e-07
1.192093037616359652e-07
1.192093037616359652e-07
1.192093037616359652e-07
1.192093037616359652e-07
1.192178187108895839e-07
1.192093037616359652e-07
1.192093037616359652e-07
1.192093037616359652e-07
1.192093037616359652e-07
1.192178187108895839e-07
1.192093037616359652e-07
1.192093037616359652e-07
1.192093037616359652e-07
1.192093037616359652e-07
1.192093037616359652e-07
1.192093037616359652e-07
1.192093037616359652e-07
1.192093037616359652e-07
1.192093037616359652e-07
1.192093037616359652e-07
1.192093037616359652e-07
1.192093037616359652e-07
1.192178187108895839e-07
1.192093037616359652e-07
1.192093037616359652e-07
1.192178187108895839e-07
1.192093037616359652e-07
1.192093037616359652e-07
1.192093037616359652e-07
1.192093037616359652e-07
1.192093037616359652e-07
1.192093037616359652e-07
1.192093037616359652e-07
1.192093037616359652e-07
1.192093037616359652e-07
1.192093037616359652e-07
1.192093037616359652e-07
1.192093037616359652e-07
1.192093037616359652e-07
1.192093037616359652e-07
1.192093037616359652e-07
1.192093037616359652e-07
1.192178187108895839e-07
1.192093037616359652e-07
1.192093037616359652e-07
1.192178187108895839e-07
1.192093037616359652e-07
1.192093037616359652e-07
1.192093037616359652e-07
1.192093037616359652e-07
1.192093037616359652e-07
1.192093037616359652e-07
1.192093037616359652e-07
1.192093037616359652e-07
1.192178187108895839e-07
1.192093037616359652e-07
1.192093037616359652e-07
1.192093037616359652e-07
1.192178187108895839e-07
1.192093037616359652e-07
1.192093037616359652e-07
1.192093037616359652e-07
1.192093037616359652e-07
1.192093037616359652e-07
1.192178187108895839e-07
1.192093037616359652e-07
1.192093037616359652e-07
1.192093037616359652e-07
1.192093037616359652e-07
1.192093037616359652e-07
1.192093037616359652e-07
1.192093037616359652e-07
1.192093037616359652e-07
1.192093037616359652e-07
1.192093037616359652e-07
1.192093037616359652e-07
1.192093037616359652e-07
1.192178187108895839e-07
1.192263336926251692e-07
1.192093037616359652e-07
1.192093037616359652e-07
1.192093037616359652e-07
1.192093037616359652e-07
1.192093037616359652e-07
1.192093037616359652e-07
1.192093037616359652e-07
1.192093037616359652e-07
1.192093037616359652e-07
1.192093037616359652e-07
1.192263336926251692e-07
1.192093037616359652e-07
1.192093037616359652e-07
1.192093037616359652e-07
1.192093037616359652e-07
1.192093037616359652e-07
1.192093037616359652e-07
1.192093037616359652e-07
1.192178187108895839e-07
1.192093037616359652e-07
1.192093037616359652e-07
1.192093037616359652e-07
1.192093037616359652e-07
1.192093037616359652e-07
1.192093037616359652e-07
1.192093037616359652e-07
1.192093037616359652e-07
1.192093037616359652e-07
1.192093037616359652e-07
1.192093037616359652e-07
1.192093037616359652e-07
1.192348486418787879e-07
1.192093037616359652e-07
1.192093037616359652e-07
1.192093037616359652e-07
1.192093037616359652e-07
1.192093037616359652e-07
1.192093037616359652e-07
1.192093037616359652e-07
1.192093037616359652e-07
1.192093037616359652e-07
1.192093037616359652e-07
1.192178187108895839e-07
1.192093037616359652e-07
1.192093037616359652e-07
1.192093037616359652e-07
1.192093037616359652e-07
1.192093037616359652e-07
1.192093037616359652e-07
1.192178187108895839e-07
1.192093037616359652e-07
1.192093037616359652e-07
1.192093037616359652e-07
1.192093037616359652e-07
1.192093037616359652e-07
1.192093037616359652e-07
1.192093037616359652e-07
1.192093037616359652e-07
1.192178187108895839e-07
1.192093037616359652e-07
1.192093037616359652e-07
1.192093037616359652e-07
1.192093037616359652e-07
1.192093037616359652e-07
1.192093037616359652e-07
1.192093037616359652e-07
1.192093037616359652e-07
1.192093037616359652e-07
1.192093037616359652e-07
1.192093037616359652e-07
1.192093037616359652e-07
1.192093037616359652e-07
1.192093037616359652e-07
1.192093037616359652e-07
1.192178187108895839e-07
1.192093037616359652e-07
1.192093037616359652e-07
1.192093037616359652e-07
1.192093037616359652e-07
1.192093037616359652e-07
1.192093037616359652e-07
1.192093037616359652e-07
1.192093037616359652e-07
1.192093037616359652e-07
1.192263336926251692e-07
1.192093037616359652e-07
1.192093037616359652e-07
1.192093037616359652e-07
1.192093037616359652e-07
1.192093037616359652e-07
1.192093037616359652e-07
1.192093037616359652e-07
1.192093037616359652e-07
1.192093037616359652e-07
1.192093037616359652e-07
1.192093037616359652e-07
1.192093037616359652e-07
1.192093037616359652e-07
1.192093037616359652e-07
1.192093037616359652e-07
1.192093037616359652e-07
1.192093037616359652e-07
1.192093037616359652e-07
1.192093037616359652e-07
1.192093037616359652e-07
1.192093037616359652e-07
1.192093037616359652e-07
1.192093037616359652e-07
1.192093037616359652e-07
1.192093037616359652e-07
1.192093037616359652e-07
1.192093037616359652e-07
1.192093037616359652e-07
1.192093037616359652e-07
1.192093037616359652e-07
1.192093037616359652e-07
1.192093037616359652e-07
1.192093037616359652e-07
1.192093037616359652e-07
1.192093037616359652e-07
1.192093037616359652e-07
1.192093037616359652e-07
1.192093037616359652e-07
1.192093037616359652e-07
1.192093037616359652e-07
1.192093037616359652e-07
1.192093037616359652e-07
1.192093037616359652e-07
1.192093037616359652e-07
1.192093037616359652e-07
1.192093037616359652e-07
1.192093037616359652e-07
1.192093037616359652e-07
1.192093037616359652e-07
1.192093037616359652e-07
1.192093037616359652e-07
1.192093037616359652e-07
1.192093037616359652e-07
1.192093037616359652e-07
1.192178187108895839e-07
1.192093037616359652e-07
1.192093037616359652e-07
1.192093037616359652e-07
1.192093037616359652e-07
1.192093037616359652e-07
1.192093037616359652e-07
1.192093037616359652e-07
1.192093037616359652e-07
1.192093037616359652e-07
1.192093037616359652e-07
1.192093037616359652e-07
1.192093037616359652e-07
1.192093037616359652e-07
1.192093037616359652e-07
1.192093037616359652e-07
1.192093037616359652e-07
1.192093037616359652e-07
1.192093037616359652e-07
1.192093037616359652e-07
1.192093037616359652e-07
1.192093037616359652e-07
1.192093037616359652e-07
1.192093037616359652e-07
1.192093037616359652e-07
1.192093037616359652e-07
1.192093037616359652e-07
1.192178187108895839e-07
1.192093037616359652e-07
1.192093037616359652e-07
1.192093037616359652e-07
1.192093037616359652e-07
1.192093037616359652e-07
1.192093037616359652e-07
1.192093037616359652e-07
1.192093037616359652e-07
1.192093037616359652e-07
1.192093037616359652e-07
1.192093037616359652e-07
1.192093037616359652e-07
1.192093037616359652e-07
1.192093037616359652e-07
1.192093037616359652e-07
1.192093037616359652e-07
1.192093037616359652e-07
1.192093037616359652e-07
1.192093037616359652e-07
1.192093037616359652e-07
1.192093037616359652e-07
1.192093037616359652e-07
1.192093037616359652e-07
1.192093037616359652e-07
1.192093037616359652e-07
1.192093037616359652e-07
1.192093037616359652e-07
1.192093037616359652e-07
1.192178187108895839e-07
1.192093037616359652e-07
1.192093037616359652e-07
1.192093037616359652e-07
1.192093037616359652e-07
1.192093037616359652e-07
1.192093037616359652e-07
1.192093037616359652e-07
1.192093037616359652e-07
1.192093037616359652e-07
1.192093037616359652e-07
1.192093037616359652e-07
1.192093037616359652e-07
1.192263336926251692e-07
1.192093037616359652e-07
1.192093037616359652e-07
1.192093037616359652e-07
1.192093037616359652e-07
1.192093037616359652e-07
1.192093037616359652e-07
1.192093037616359652e-07
1.192093037616359652e-07
1.192093037616359652e-07
1.192093037616359652e-07
1.192093037616359652e-07
1.192093037616359652e-07
1.192093037616359652e-07
1.192093037616359652e-07
1.192093037616359652e-07
1.192093037616359652e-07
1.192093037616359652e-07
1.192093037616359652e-07
1.192093037616359652e-07
1.192093037616359652e-07
1.192093037616359652e-07
1.192263336926251692e-07
1.192093037616359652e-07
1.192093037616359652e-07
1.192093037616359652e-07
1.192093037616359652e-07
1.192093037616359652e-07
1.192093037616359652e-07
1.192178187108895839e-07
1.192093037616359652e-07
1.192093037616359652e-07
1.192093037616359652e-07
1.192093037616359652e-07
1.192093037616359652e-07
1.192093037616359652e-07
1.192093037616359652e-07
1.192093037616359652e-07
1.192093037616359652e-07
1.192093037616359652e-07
1.192093037616359652e-07
1.192093037616359652e-07
1.192093037616359652e-07
1.192093037616359652e-07
1.192093037616359652e-07
1.192093037616359652e-07
1.192093037616359652e-07
1.192093037616359652e-07
1.192093037616359652e-07
1.192093037616359652e-07
1.192093037616359652e-07
1.192093037616359652e-07
1.192093037616359652e-07
1.192093037616359652e-07
1.192093037616359652e-07
1.192093037616359652e-07
1.192178187108895839e-07
1.192093037616359652e-07
1.192093037616359652e-07
1.192093037616359652e-07
1.192093037616359652e-07
1.192093037616359652e-07
1.192093037616359652e-07
1.192093037616359652e-07
1.192093037616359652e-07
1.192093037616359652e-07
1.192093037616359652e-07
1.192093037616359652e-07
1.192093037616359652e-07
1.192263336926251692e-07
1.192093037616359652e-07
1.192093037616359652e-07
1.192093037616359652e-07
1.192093037616359652e-07
1.192093037616359652e-07
1.192093037616359652e-07
1.192093037616359652e-07
1.192093037616359652e-07
1.192093037616359652e-07
1.192093037616359652e-07
1.192093037616359652e-07
1.192093037616359652e-07
1.192093037616359652e-07
1.192093037616359652e-07
1.192093037616359652e-07
1.192093037616359652e-07
1.192093037616359652e-07
1.192093037616359652e-07
1.192093037616359652e-07
1.192093037616359652e-07
1.192093037616359652e-07
1.192093037616359652e-07
1.192093037616359652e-07
1.192093037616359652e-07
1.192093037616359652e-07
1.192093037616359652e-07
1.192093037616359652e-07
1.192093037616359652e-07
1.192093037616359652e-07
1.192093037616359652e-07
1.192093037616359652e-07
1.192093037616359652e-07
1.192093037616359652e-07
1.192093037616359652e-07
1.192093037616359652e-07
1.192093037616359652e-07
1.192093037616359652e-07
1.192093037616359652e-07
1.192093037616359652e-07
1.192093037616359652e-07
1.192093037616359652e-07
1.192093037616359652e-07
1.192093037616359652e-07
1.192093037616359652e-07
1.192093037616359652e-07
1.192093037616359652e-07
1.192093037616359652e-07
1.192093037616359652e-07
1.192093037616359652e-07
1.192093037616359652e-07
1.192093037616359652e-07
1.192093037616359652e-07
1.192093037616359652e-07
1.192093037616359652e-07
1.192093037616359652e-07
1.192093037616359652e-07
1.192093037616359652e-07
1.192093037616359652e-07
1.192093037616359652e-07
1.192093037616359652e-07
1.192093037616359652e-07
1.192093037616359652e-07
1.192093037616359652e-07
1.192093037616359652e-07
1.192093037616359652e-07
1.192093037616359652e-07
1.192093037616359652e-07
1.192093037616359652e-07
1.192093037616359652e-07
1.192093037616359652e-07
1.192093037616359652e-07
1.192093037616359652e-07
1.192093037616359652e-07
1.192093037616359652e-07
1.192093037616359652e-07
1.192093037616359652e-07
1.192093037616359652e-07
1.192093037616359652e-07
1.192093037616359652e-07
1.192093037616359652e-07
1.192093037616359652e-07
1.192093037616359652e-07
1.192093037616359652e-07
1.192093037616359652e-07
1.192093037616359652e-07
1.192093037616359652e-07
1.192093037616359652e-07
1.192093037616359652e-07
1.192093037616359652e-07
1.192093037616359652e-07
1.192093037616359652e-07
1.192093037616359652e-07
1.192093037616359652e-07
1.192093037616359652e-07
1.192093037616359652e-07
1.192093037616359652e-07
1.192093037616359652e-07
1.192093037616359652e-07
1.192093037616359652e-07
1.192093037616359652e-07
1.192178187108895839e-07
1.192093037616359652e-07
1.192093037616359652e-07
1.192093037616359652e-07
1.192093037616359652e-07
1.192093037616359652e-07
1.192093037616359652e-07
1.192093037616359652e-07
1.192093037616359652e-07
1.192093037616359652e-07
1.192093037616359652e-07
1.192093037616359652e-07
1.192093037616359652e-07
1.192093037616359652e-07
1.192093037616359652e-07
1.192093037616359652e-07
1.192093037616359652e-07
1.192093037616359652e-07
1.192093037616359652e-07
1.192093037616359652e-07
1.192093037616359652e-07
1.192093037616359652e-07
1.192093037616359652e-07
1.192093037616359652e-07
1.192093037616359652e-07
1.192263336926251692e-07
1.192093037616359652e-07
1.192093037616359652e-07
1.192093037616359652e-07
1.192093037616359652e-07
1.192093037616359652e-07
1.192093037616359652e-07
1.192093037616359652e-07
1.192093037616359652e-07
1.192093037616359652e-07
1.192093037616359652e-07
1.192093037616359652e-07
1.192093037616359652e-07
1.192093037616359652e-07
1.192093037616359652e-07
1.192093037616359652e-07
1.192093037616359652e-07
1.192093037616359652e-07
1.192093037616359652e-07
1.192093037616359652e-07
1.192093037616359652e-07
1.192093037616359652e-07
1.192093037616359652e-07
1.192093037616359652e-07
1.192093037616359652e-07
1.192093037616359652e-07
1.192093037616359652e-07
1.192093037616359652e-07
1.192093037616359652e-07
1.192093037616359652e-07
1.192093037616359652e-07
1.192093037616359652e-07
1.192093037616359652e-07
1.192093037616359652e-07
1.192093037616359652e-07
1.192093037616359652e-07
1.192093037616359652e-07
1.192093037616359652e-07
1.192093037616359652e-07
1.192093037616359652e-07
1.192093037616359652e-07
1.192093037616359652e-07
1.192093037616359652e-07
1.192093037616359652e-07
1.192093037616359652e-07
1.192093037616359652e-07
1.192093037616359652e-07
1.192093037616359652e-07
1.192093037616359652e-07
1.192093037616359652e-07
1.192093037616359652e-07
1.192093037616359652e-07
1.192093037616359652e-07
1.192093037616359652e-07
1.192093037616359652e-07
1.192093037616359652e-07
1.192093037616359652e-07
1.192093037616359652e-07
1.192093037616359652e-07
1.192093037616359652e-07
1.192093037616359652e-07
1.192093037616359652e-07
1.192093037616359652e-07
1.192093037616359652e-07
1.192093037616359652e-07
1.192093037616359652e-07
1.192178187108895839e-07
1.192093037616359652e-07
1.192093037616359652e-07
1.192093037616359652e-07
1.192093037616359652e-07
1.192093037616359652e-07
1.192093037616359652e-07
1.192093037616359652e-07
1.192093037616359652e-07
1.192093037616359652e-07
1.192093037616359652e-07
1.192093037616359652e-07
1.192093037616359652e-07
1.192093037616359652e-07
1.192093037616359652e-07
1.192093037616359652e-07
1.192093037616359652e-07
1.192093037616359652e-07
1.192093037616359652e-07
1.192093037616359652e-07
1.192093037616359652e-07
1.192093037616359652e-07
1.192093037616359652e-07
1.192093037616359652e-07
1.192093037616359652e-07
1.192093037616359652e-07
1.192093037616359652e-07
1.192093037616359652e-07
1.192093037616359652e-07
1.192093037616359652e-07
1.192093037616359652e-07
1.192093037616359652e-07
1.192093037616359652e-07
1.192093037616359652e-07
1.192093037616359652e-07
1.192093037616359652e-07
1.192093037616359652e-07
1.192093037616359652e-07
1.192093037616359652e-07
1.192093037616359652e-07
1.192093037616359652e-07
1.192093037616359652e-07
1.192093037616359652e-07
1.192093037616359652e-07
1.192093037616359652e-07
1.192093037616359652e-07
1.192093037616359652e-07
1.192093037616359652e-07
1.192093037616359652e-07
1.192093037616359652e-07
1.192093037616359652e-07
1.192093037616359652e-07
1.192093037616359652e-07
1.192093037616359652e-07
1.192093037616359652e-07
1.192093037616359652e-07
1.192093037616359652e-07
1.192093037616359652e-07
1.192093037616359652e-07
1.192093037616359652e-07
1.192093037616359652e-07
1.192093037616359652e-07
1.192093037616359652e-07
1.192093037616359652e-07
1.192093037616359652e-07
1.192093037616359652e-07
1.192093037616359652e-07
1.192093037616359652e-07
1.192093037616359652e-07
1.192093037616359652e-07
1.192093037616359652e-07
1.192093037616359652e-07
1.192093037616359652e-07
1.192093037616359652e-07
1.192093037616359652e-07
1.192093037616359652e-07
1.192093037616359652e-07
1.192093037616359652e-07
1.192093037616359652e-07
1.192093037616359652e-07
1.192093037616359652e-07
1.192093037616359652e-07
1.192093037616359652e-07
1.192093037616359652e-07
1.192093037616359652e-07
1.192093037616359652e-07
1.192178187108895839e-07
1.192093037616359652e-07
1.192093037616359652e-07
1.192093037616359652e-07
1.192093037616359652e-07
1.192093037616359652e-07
1.192093037616359652e-07
1.192093037616359652e-07
1.192093037616359652e-07
1.192093037616359652e-07
1.192093037616359652e-07
1.192093037616359652e-07
1.192093037616359652e-07
1.192093037616359652e-07
1.192093037616359652e-07
1.192093037616359652e-07
1.192093037616359652e-07
1.192093037616359652e-07
1.192093037616359652e-07
1.192093037616359652e-07
1.192093037616359652e-07
1.192093037616359652e-07
1.192093037616359652e-07
1.192093037616359652e-07
1.192093037616359652e-07
1.192093037616359652e-07
1.192093037616359652e-07
1.192093037616359652e-07
1.192093037616359652e-07
1.192093037616359652e-07
1.192093037616359652e-07
1.192093037616359652e-07
1.192093037616359652e-07
1.192093037616359652e-07
1.192093037616359652e-07
1.192093037616359652e-07
1.192093037616359652e-07
1.192093037616359652e-07
1.192093037616359652e-07
1.192093037616359652e-07
1.192093037616359652e-07
1.192093037616359652e-07
1.192093037616359652e-07
1.192093037616359652e-07
1.192093037616359652e-07
1.192093037616359652e-07
1.192093037616359652e-07
1.192093037616359652e-07
1.192093037616359652e-07
1.192093037616359652e-07
1.192093037616359652e-07
1.192093037616359652e-07
1.192093037616359652e-07
1.192093037616359652e-07
1.192093037616359652e-07
1.192093037616359652e-07
1.192093037616359652e-07
1.192093037616359652e-07
1.192093037616359652e-07
1.192093037616359652e-07
1.192093037616359652e-07
1.192093037616359652e-07
1.192093037616359652e-07
1.192093037616359652e-07
1.192093037616359652e-07
1.192093037616359652e-07
1.192093037616359652e-07
1.192093037616359652e-07
1.192093037616359652e-07
1.192093037616359652e-07
1.192093037616359652e-07
1.192093037616359652e-07
1.192093037616359652e-07
1.192093037616359652e-07
1.192093037616359652e-07
1.192093037616359652e-07
1.192093037616359652e-07
1.192093037616359652e-07
1.192093037616359652e-07
1.192093037616359652e-07
1.192093037616359652e-07
1.192093037616359652e-07
1.192093037616359652e-07
1.192093037616359652e-07
1.192093037616359652e-07
1.192093037616359652e-07
1.192093037616359652e-07
1.192093037616359652e-07
1.192093037616359652e-07
1.192093037616359652e-07
1.192093037616359652e-07
1.192093037616359652e-07
1.192093037616359652e-07
1.192093037616359652e-07
1.192093037616359652e-07
1.192093037616359652e-07
1.192093037616359652e-07
1.192093037616359652e-07
1.192093037616359652e-07
1.192093037616359652e-07
1.192093037616359652e-07
1.192093037616359652e-07
1.192093037616359652e-07
1.192093037616359652e-07
1.192093037616359652e-07
1.192093037616359652e-07
1.192093037616359652e-07
1.192093037616359652e-07
1.192093037616359652e-07
1.192093037616359652e-07
1.192093037616359652e-07
1.192093037616359652e-07
1.192093037616359652e-07
1.192093037616359652e-07
1.192093037616359652e-07
1.192093037616359652e-07
1.192093037616359652e-07
1.192093037616359652e-07
1.192093037616359652e-07
1.192093037616359652e-07
1.192093037616359652e-07
1.192093037616359652e-07
1.192093037616359652e-07
1.192093037616359652e-07
1.192093037616359652e-07
1.192093037616359652e-07
1.192093037616359652e-07
1.192093037616359652e-07
1.192093037616359652e-07
1.192093037616359652e-07
1.192093037616359652e-07
1.192093037616359652e-07
1.192093037616359652e-07
1.192093037616359652e-07
1.192093037616359652e-07
1.192093037616359652e-07
1.192093037616359652e-07
1.192093037616359652e-07
1.192093037616359652e-07
1.192093037616359652e-07
1.192093037616359652e-07
1.192093037616359652e-07
1.192093037616359652e-07
1.192093037616359652e-07
1.192093037616359652e-07
1.192093037616359652e-07
1.192093037616359652e-07
1.192093037616359652e-07
1.192093037616359652e-07
1.192093037616359652e-07
1.192093037616359652e-07
1.192093037616359652e-07
1.192093037616359652e-07
1.192093037616359652e-07
1.192093037616359652e-07
1.192093037616359652e-07
1.192093037616359652e-07
1.192093037616359652e-07
1.192093037616359652e-07
1.192093037616359652e-07
1.192093037616359652e-07
1.192093037616359652e-07
1.192093037616359652e-07
1.192093037616359652e-07
1.192093037616359652e-07
1.192093037616359652e-07
1.192093037616359652e-07
1.192093037616359652e-07
1.192093037616359652e-07
1.192093037616359652e-07
1.192093037616359652e-07
1.192093037616359652e-07
1.192093037616359652e-07
1.192093037616359652e-07
1.192093037616359652e-07
1.192093037616359652e-07
1.192093037616359652e-07
1.192093037616359652e-07
1.192093037616359652e-07
1.192093037616359652e-07
1.192093037616359652e-07
1.192093037616359652e-07
1.192093037616359652e-07
1.192093037616359652e-07
1.192093037616359652e-07
1.192093037616359652e-07
1.192093037616359652e-07
1.192093037616359652e-07
1.192093037616359652e-07
1.192093037616359652e-07
1.192093037616359652e-07
1.192093037616359652e-07
1.192093037616359652e-07
1.192093037616359652e-07
1.192093037616359652e-07
1.192093037616359652e-07
1.192093037616359652e-07
1.192093037616359652e-07
1.192093037616359652e-07
1.192093037616359652e-07
1.192093037616359652e-07
1.192093037616359652e-07
1.192093037616359652e-07
1.192093037616359652e-07
1.192093037616359652e-07
1.192093037616359652e-07
1.192093037616359652e-07
1.192093037616359652e-07
1.192093037616359652e-07
1.192093037616359652e-07
1.192093037616359652e-07
1.192093037616359652e-07
1.192093037616359652e-07
1.192093037616359652e-07
1.192093037616359652e-07
1.192093037616359652e-07
1.192093037616359652e-07
1.192093037616359652e-07
1.192093037616359652e-07
1.192093037616359652e-07
1.192093037616359652e-07
1.192093037616359652e-07
1.192093037616359652e-07
1.192093037616359652e-07
1.192093037616359652e-07
1.192093037616359652e-07
1.192093037616359652e-07
1.192093037616359652e-07
1.192093037616359652e-07
1.192093037616359652e-07
1.192093037616359652e-07
1.192093037616359652e-07
1.192093037616359652e-07
1.192093037616359652e-07
1.192093037616359652e-07
1.192093037616359652e-07
1.192093037616359652e-07
1.192093037616359652e-07
1.192093037616359652e-07
1.192093037616359652e-07
1.192093037616359652e-07
1.192093037616359652e-07
1.192093037616359652e-07
1.192093037616359652e-07
1.192093037616359652e-07
1.192093037616359652e-07
1.192093037616359652e-07
1.192093037616359652e-07
1.192093037616359652e-07
1.192093037616359652e-07
1.192093037616359652e-07
1.192093037616359652e-07
1.192093037616359652e-07
1.192093037616359652e-07
1.192093037616359652e-07
1.192093037616359652e-07
1.192093037616359652e-07
1.192093037616359652e-07
1.192093037616359652e-07
1.192093037616359652e-07
1.192093037616359652e-07
1.192093037616359652e-07
1.192093037616359652e-07
1.192093037616359652e-07
1.192093037616359652e-07
1.192093037616359652e-07
1.192093037616359652e-07
1.192093037616359652e-07
1.192093037616359652e-07
1.192093037616359652e-07
1.192093037616359652e-07
1.192093037616359652e-07
1.192093037616359652e-07
1.192093037616359652e-07
1.192093037616359652e-07
1.192093037616359652e-07
1.192093037616359652e-07
1.192093037616359652e-07
1.192093037616359652e-07
1.192093037616359652e-07
1.192093037616359652e-07
1.192093037616359652e-07
1.192093037616359652e-07
1.192093037616359652e-07
1.192093037616359652e-07
1.192093037616359652e-07
1.192093037616359652e-07
1.192093037616359652e-07
1.192093037616359652e-07
1.192093037616359652e-07
1.192093037616359652e-07
1.192093037616359652e-07
1.192093037616359652e-07
1.192093037616359652e-07
1.192093037616359652e-07
1.192093037616359652e-07
1.192093037616359652e-07
1.192093037616359652e-07
1.192093037616359652e-07
1.192093037616359652e-07
1.192093037616359652e-07
1.192093037616359652e-07
1.192093037616359652e-07
1.192093037616359652e-07
1.192093037616359652e-07
1.192093037616359652e-07
1.192093037616359652e-07
1.192093037616359652e-07
1.192093037616359652e-07
1.192093037616359652e-07
1.192093037616359652e-07
1.192093037616359652e-07
1.192093037616359652e-07
1.192093037616359652e-07
1.192093037616359652e-07
1.192093037616359652e-07
1.192093037616359652e-07
1.192093037616359652e-07
1.192093037616359652e-07
1.192093037616359652e-07
1.192093037616359652e-07
1.192093037616359652e-07
1.192093037616359652e-07
1.192093037616359652e-07
